2,0.6909,0.7157,311,311,8.866652,8.866653
3,0.6919,0.7157,311,311,311,8.833312,8.833317,8.833325
4,0.6909,0.7157,311,311,311,311,8.866593,8.866594,8.866611,8.866624
5,0.694,0.7157,311,311,311,311,311,8.766581,8.766582,8.76659,8.7666,8.766618
6,0.6899,0.7157,311,311,311,311,311,311,8.899799,8.899805,8.899809,8.899816,8.899872,8.899932
7,0.6951,0.7157,311,311,311,311,311,311,311,8.733116,8.733117,8.733133,8.733141,8.733155,8.733201,8.733257
8,0.6909,0.7157,311,311,311,311,311,311,311,311,8.866366,8.866381,8.866387,8.866395,8.866448,8.866501,8.866552,8.866607
9,0.6972,0.7157,311,311,311,311,311,311,311,311,311,8.666358,8.666364,8.66637,8.666388,8.666427,8.666441,8.666491,8.666544,8.666605
10,0.6983,0.7157,311,311,311,311,311,311,311,311,311,311,8.633001,8.633002,8.633015,8.633019,8.633057,8.633067,8.633113,8.633163,8.633221,8.633276
2,0.6951,0.7157,311,311,8.733312,8.733312
3,0.693,0.7157,311,311,311,8.799983,8.799987,8.799989
4,0.6972,0.7157,311,311,311,311,8.666589,8.666595,8.666601,8.666608
5,0.6909,0.7157,311,311,311,311,311,8.866527,8.866537,8.866543,8.866545,8.866603
6,0.6951,0.7157,311,311,311,311,311,311,8.73316,8.733161,8.733168,8.733176,8.733224,8.733273
7,0.6909,0.7157,311,311,311,311,311,311,311,8.866425,8.866426,8.866445,8.866452,8.866504,8.866554,8.866608
8,0.6994,0.7157,311,311,311,311,311,311,311,311,8.59987,8.599877,8.599886,8.59989,8.599925,8.599957,8.599988,8.599992
9,0.6994,0.7157,311,311,311,311,311,311,311,311,311,8.599715,8.599716,8.599727,8.599745,8.599793,8.599836,8.599887,8.599941,8.599993
10,0.6951,0.7157,311,311,311,311,311,311,311,311,311,311,8.733049,8.73305,8.733066,8.733079,8.733131,8.733179,8.733243,8.7333,8.73331,8.733325
2,0.6879,0.7157,311,311,8.966654,8.966655
3,0.6961,0.7157,311,311,311,8.699974,8.699973,8.699989
4,0.6919,0.7157,311,311,311,311,8.833267,8.833268,8.833277,8.833285
5,0.6951,0.7157,311,311,311,311,311,8.733208,8.733208,8.733216,8.733218,8.733275
6,0.693,0.7157,311,311,311,311,311,311,8.799811,8.799817,8.799824,8.799833,8.799874,8.799935
7,0.6983,0.7157,311,311,311,311,311,311,311,8.633144,8.633149,8.633151,8.633161,8.63321,8.633264,8.633315
8,0.6961,0.7157,311,311,311,311,311,311,311,311,8.699785,8.69979,8.699806,8.699809,8.69985,8.699897,8.699943,8.699991
9,0.6994,0.7157,311,311,311,311,311,311,311,311,311,8.599732,8.599733,8.59975,8.599764,8.599817,8.599887,8.599944,8.599987,8.599992
10,0.6983,0.7157,311,311,311,311,311,311,311,311,311,311,8.633016,8.633022,8.633029,8.63303,8.633075,8.633131,8.633189,8.633252,8.63331,8.633319
