2,0.1193,0.0031,87,87,8.56665,8.566652
3,0.1235,0.0078,165,165,165,8.666655,8.666658,8.66666
4,0.1303,0.0155,197,197,197,197,7.933309,7.933319,7.933323,7.933325
2,0.1193,0.0031,87,87,8.566658,8.466662
3,0.1235,0.0078,165,165,165,8.599987,8.633322,8.633326
4,0.1303,0.0155,197,197,197,197,8.197967,8.197968,8.164646,8.197973
5,0.2142,0.0155,197,197,197,197,197,7.133221,7.133226,7.099904,7.099917,7.09995
6,0.1523,0.0404,249,249,249,249,249,249,8.799853,8.833188,8.79986,8.79987,8.799913,8.799953
7,0.1523,0.0404,249,249,249,249,249,249,249,8.266518,8.266524,8.266528,8.266537,8.266557,8.266561,8.266597
8,0.1523,0.0404,249,249,249,249,249,249,249,249,7.766458,7.766464,7.766478,7.766482,7.733164,7.766533,7.766583,7.766623
9,0.186,0.0404,249,249,249,249,249,249,249,249,249,7.333146,7.333151,7.333159,7.333172,7.333178,7.333181,7.333184,7.333225,7.333276
10,0.2724,0.0404,249,249,249,249,249,249,249,249,249,249,6.933071,6.933076,6.933085,6.93309,6.933102,6.933105,6.933138,6.933186,6.933236,6.933277
2,0.1193,0.0031,87,87,8.566647,8.499992
3,0.1235,0.0078,165,165,165,8.699979,8.69998,8.699986
4,0.1303,0.0155,197,197,197,197,8.133278,8.133279,8.133292,8.133294
5,0.2171,0.0155,197,197,197,197,197,7.099922,7.099924,7.099929,7.099933,7.099966
6,0.1523,0.0404,249,249,249,249,249,249,8.733208,8.733212,8.733215,8.733218,8.73326,8.733295
7,0.1523,0.0404,249,249,249,249,249,249,249,8.133181,8.133184,8.133186,8.133195,8.133229,8.133262,8.133295
8,0.1523,0.0404,249,249,249,249,249,249,249,249,7.699821,7.699823,7.699826,7.699829,7.699864,7.699896,7.699928,7.699962
9,0.1865,0.0404,249,249,249,249,249,249,249,249,249,7.330622,7.330623,7.330627,7.33063,7.330663,7.330692,7.330723,7.330754,7.330786
10,0.2512,0.0404,249,249,249,249,249,249,249,249,249,249,7.033108,7.033109,7.033112,7.033114,7.033144,7.033172,7.033201,7.033235,7.033265,7.0333
2,0.1193,0.0031,87,87,8.433316,8.566659
3,0.1235,0.0078,165,165,165,8.666645,8.666656,8.666662
4,0.1303,0.0155,197,197,197,197,8.099951,8.099953,8.099957,8.09996
5,0.2024,0.0155,197,197,197,197,197,7.166587,7.166589,7.1666,7.166603,7.166635
6,0.1523,0.0404,249,249,249,249,249,249,8.799545,8.799547,8.766228,8.799562,8.799602,8.799638
7,0.1523,0.0404,249,249,249,249,249,249,249,8.099852,8.099853,8.099856,8.099859,8.099896,8.099928,8.099962
8,0.1523,0.0404,249,249,249,249,249,249,249,249,7.899809,7.899822,7.899827,7.899829,7.899865,7.899897,7.899929,7.899963
9,0.1786,0.0404,249,249,249,249,249,249,249,249,249,7.366468,7.366471,7.366473,7.366476,7.36651,7.366539,7.36657,7.366601,7.366633
10,0.2441,0.0404,249,249,249,249,249,249,249,249,249,249,7.066429,7.066431,7.066435,7.066446,7.066478,7.066507,7.066536,7.066573,7.066604,7.066634
2,0.1193,0.0031,87,87,8.566658,8.533328
3,0.1235,0.0078,165,165,165,8.733311,8.733316,8.733327
4,0.1303,0.0155,197,197,197,197,8.199951,8.199953,8.199957,8.19996
5,0.1919,0.0155,197,197,197,197,197,7.233262,7.233263,7.199934,7.199936,7.199968
6,0.1523,0.0404,249,249,249,249,249,249,8.83321,8.833211,8.833216,8.833218,8.833257,8.833294
7,0.1523,0.0404,249,249,249,249,249,249,249,8.233178,8.233182,8.233185,8.233187,8.233224,8.23326,8.233294
8,0.1523,0.0404,249,249,249,249,249,249,249,249,7.766474,7.766482,7.766487,7.766489,7.766531,7.766565,7.766597,7.76663
9,0.1934,0.0404,249,249,249,249,249,249,249,249,249,7.299801,7.299805,7.299807,7.29981,7.299843,7.299873,7.299903,7.299934,7.299966
10,0.2723,0.0404,249,249,249,249,249,249,249,249,249,249,6.933135,6.933136,6.933146,6.933148,6.933178,6.933206,6.933235,6.93327,6.933299,6.933327
2,0.1193,0.0031,87,87,8.599993,8.633327
3,0.1235,0.0078,165,165,165,8.666651,8.666653,8.66666
4,0.1303,0.0155,197,197,197,197,8.099952,8.099953,8.099958,8.09996
5,0.2024,0.0155,197,197,197,197,197,7.166592,7.166594,7.166598,7.1666,7.166634
6,0.1523,0.0404,249,249,249,249,249,249,8.899864,8.899865,8.89988,8.899883,8.899923,8.89996
7,0.1523,0.0404,249,249,249,249,249,249,249,8.266516,8.266517,8.266522,8.266524,8.266561,8.266594,8.266628
8,0.1523,0.0404,249,249,249,249,249,249,249,249,7.866486,7.866487,7.866491,7.833161,7.833198,7.83323,7.866596,7.866629
9,0.1761,0.0404,249,249,249,249,249,249,249,249,249,7.399798,7.399799,7.366471,7.366473,7.366507,7.366537,7.366568,7.3666,7.399965
10,0.2653,0.0404,249,249,249,249,249,249,249,249,249,249,6.966473,6.966475,6.966477,6.966479,6.966509,6.966537,6.966567,6.966601,6.966631,6.96666
