2,0.1193,0.0031,87,87,8.533324,8.666661
3,0.1235,0.0078,165,165,165,8.799989,8.833323,8.799994
4,0.1303,0.0155,197,197,197,197,8.06664,8.066641,8.066655,8.066658
5,0.1724,0.0155,197,197,197,197,197,7.299878,7.299883,7.299891,7.299894,7.29994
6,0.1523,0.0404,249,249,249,249,249,249,8.699875,8.699878,8.69988,8.699883,8.699925,8.699961
7,0.1523,0.0404,249,249,249,249,249,249,249,8.266477,8.266484,8.266491,8.266503,8.266552,8.266561,8.266606
8,0.1523,0.0404,249,249,249,249,249,249,249,249,7.79978,7.799786,7.799793,7.799807,7.799817,7.799857,7.7999,7.799946
9,0.1786,0.0404,249,249,249,249,249,249,249,249,249,7.366435,7.36644,7.366448,7.366454,7.366474,7.366511,7.366515,7.366573,7.36662
10,0.2632,0.0404,249,249,249,249,249,249,249,249,249,249,6.999829,6.99983,6.966502,6.966504,6.96651,6.966539,6.966547,6.999909,6.966605,6.966634
2,0.1193,0.0031,87,87,8.56666,8.533327
3,0.1221,0.0062,133,133,133,8.166639,8.166652,8.166662
4,0.1303,0.0155,197,197,197,197,8.233283,8.233284,8.233288,8.233292
