1,0.1898,0.0,18,8.033326
2,0.1426,0.0723,280,280,11.86666,11.86666
3,0.1498,0.0723,280,280,280,10.933321,10.933325,10.933327
4,0.2089,0.0723,280,280,280,280,10.499942,10.499943,10.499946,10.49995
5,0.2118,0.0723,280,280,280,280,280,9.833273,9.833275,9.833277,9.833282,9.833289
6,0.2185,0.0723,280,280,280,280,280,280,9.466603,9.499936,9.499939,9.46661,9.466619,9.499957
7,0.224,0.0723,280,280,280,280,280,280,280,9.133233,9.133234,9.133236,9.133238,9.133248,9.133253,9.133293
8,0.2294,0.0723,280,280,280,280,280,280,280,280,8.79986,8.766528,8.799863,8.766532,8.799874,8.766546,8.766583,8.766619
9,0.2342,0.0723,280,280,280,280,280,280,280,280,280,8.399829,8.39983,8.399839,8.36651,8.399848,8.399852,8.399888,8.399923,8.399958
10,0.249,0.0723,280,280,280,280,280,280,280,280,280,280,8.133135,8.099803,8.099804,8.099806,8.099813,8.09982,8.099854,8.099891,8.099925,8.09996
1,0.1851,0.0015,41,8.433331
2,0.1424,0.0723,280,280,11.633323,11.633327
3,0.1519,0.0723,280,280,280,10.866654,10.866658,10.86666
4,0.2089,0.0723,280,280,280,280,10.433273,10.433274,10.43328,10.433283
5,0.2117,0.0723,280,280,280,280,280,9.999901,9.999902,9.999904,9.999906,9.999954
6,0.2185,0.0723,280,280,280,280,280,280,9.466526,9.466528,9.46653,9.466533,9.466576,9.466615
7,0.2255,0.0723,280,280,280,280,280,280,280,9.066497,9.066501,9.066503,9.066505,9.066548,9.066585,9.066623
8,0.2311,0.0723,280,280,280,280,280,280,280,280,8.733128,8.733128,8.73313,8.733132,8.733173,8.73321,8.733247,8.733284
9,0.2334,0.0723,280,280,280,280,280,280,280,280,280,8.466413,8.499747,8.499758,8.466428,8.466466,8.466502,8.466537,8.466583,8.466623
10,0.2412,0.0723,280,280,280,280,280,280,280,280,280,280,8.033062,8.033063,8.033066,7.999736,7.999772,8.033138,8.033172,8.033209,8.033249,8.033289
1,0.1946,0.0,18,7.599997
2,0.1433,0.0723,280,280,11.633326,11.633327
3,0.1515,0.0723,280,280,280,10.866637,10.866646,10.866654
4,0.21,0.0723,280,280,280,280,10.399944,10.399946,10.399948,10.39995
5,0.218,0.0723,280,280,280,280,280,9.633272,9.633273,9.633275,9.633277,9.63329
6,0.2217,0.0723,280,280,280,280,280,280,9.433238,9.433243,9.433245,9.433247,9.433287,9.433292
7,0.2209,0.0723,280,280,280,280,280,280,280,9.033194,9.033198,9.033202,9.033205,9.033248,9.033253,9.033291
8,0.2315,0.0723,280,280,280,280,280,280,280,280,8.766498,8.766499,8.766501,8.766503,8.766542,8.766547,8.766583,8.766619
9,0.2352,0.0723,280,280,280,280,280,280,280,280,280,8.399796,8.399797,8.399805,8.399809,8.399846,8.39985,8.399885,8.399921,8.399958
10,0.3493,0.3952,311,311,311,311,311,311,311,311,311,311,11.466347,11.466348,11.466354,11.466357,11.466409,11.466415,11.466462,11.46651,11.46656,11.466609
1,0.1857,0.0015,41,8.466662
2,0.1471,0.0723,280,280,11.333322,11.333324
3,0.1529,0.0723,280,280,280,10.899987,10.89999,10.899992
4,0.2087,0.0723,280,280,280,280,10.366612,10.366612,10.366614,10.366616
1,0.1934,0.0,18,7.599995
2,0.1482,0.0723,280,280,11.399991,11.399993
3,0.154,0.0723,280,280,280,10.899972,10.899979,10.899987
4,0.2109,0.0723,280,280,280,280,10.199941,10.199942,10.199947,10.199951
5,0.2158,0.0723,280,280,280,280,280,9.899938,9.899941,9.899945,9.899948,9.899954
6,0.2165,0.0723,280,280,280,280,280,280,9.499937,9.499938,9.499943,9.499946,9.499952,9.499957
7,0.2207,0.0723,280,280,280,280,280,280,280,9.099894,9.099895,9.099897,9.099899,9.099913,9.099919,9.099958
8,0.2337,0.0723,280,280,280,280,280,280,280,280,8.566517,8.566518,8.566521,8.566524,8.566532,8.566537,8.566577,8.566614
9,0.2424,0.0723,280,280,280,280,280,280,280,280,280,8.299832,8.299833,8.299841,8.299843,8.299849,8.26652,8.266554,8.266569,8.266607
10,0.2442,0.0723,280,280,280,280,280,280,280,280,280,280,7.966477,7.966478,7.966479,7.966482,7.966486,7.966491,7.966524,7.966558,7.966592,7.966627
1,0.2071,0.0,18,7.433331
2,0.135,0.0234,229,229,10.999991,10.999993
3,0.1554,0.0723,280,280,280,10.666654,10.666655,10.66666
4,0.2115,0.0723,280,280,280,280,10.399942,10.399943,10.399947,10.39995
5,0.2158,0.0723,280,280,280,280,280,9.866568,9.866569,9.866572,9.866577,9.866622
6,0.2192,0.0723,280,280,280,280,280,280,9.533202,9.533204,9.533206,9.533208,9.533252,9.533291
7,0.2249,0.0723,280,280,280,280,280,280,280,8.766503,8.766504,8.766506,8.76651,8.766551,8.766587,8.766625
8,0.2311,0.0723,280,280,280,280,280,280,280,280,8.666459,8.66646,8.666462,8.666464,8.666505,8.666542,8.666579,8.666618
9,0.2438,0.0723,280,280,280,280,280,280,280,280,280,8.16644,8.166441,8.16645,8.166453,8.166489,8.166522,8.166556,8.166592,8.166627
10,0.3446,0.3952,311,311,311,311,311,311,311,311,311,311,11.332973,11.332974,11.332979,11.332982,11.333033,11.333079,11.333127,11.333177,11.333227,11.333276
1,0.1823,0.0015,41,8.466662
2,0.1374,0.0455,249,249,11.133325,11.133326
3,0.1506,0.0723,280,280,280,10.89999,10.899991,10.899993
4,0.2113,0.0723,280,280,280,280,10.299943,10.299945,10.299946,10.299949
5,0.216,0.0723,280,280,280,280,280,9.666571,9.666575,9.666577,9.666579,9.666623
6,0.2211,0.0723,280,280,280,280,280,280,9.466536,9.466538,9.466539,9.466541,9.466585,9.466623
7,0.2258,0.0723,280,280,280,280,280,280,280,9.066498,9.033169,9.033171,9.033173,9.033214,9.033251,9.033291
8,0.2362,0.0723,280,280,280,280,280,280,280,280,8.533129,8.53313,8.533135,8.533137,8.533175,8.533212,8.533248,8.533286
9,0.2403,0.0723,280,280,280,280,280,280,280,280,280,8.299768,8.266439,8.266447,8.299782,8.266486,8.26652,8.266555,8.26659,8.266626
10,0.3418,0.3952,311,311,311,311,311,311,311,311,311,311,11.599726,11.599727,11.59973,11.599733,11.599784,11.599833,11.599881,11.599931,11.599981,11.599987
1,0.2015,0.0,18,7.466662
2,0.1413,0.0455,249,249,10.966659,10.96666
3,0.1526,0.0723,280,280,280,10.866653,10.866654,10.866659
4,0.2106,0.0723,280,280,280,280,10.399942,10.399943,10.399945,10.399948
5,0.2138,0.0723,280,280,280,280,280,9.899891,9.899895,9.899899,9.899902,9.899952
6,0.2196,0.0723,280,280,280,280,280,280,9.566531,9.566536,9.566538,9.56654,9.566583,9.566621
7,0.2279,0.0723,280,280,280,280,280,280,280,9.0665,9.0665,9.066503,9.066505,9.033214,9.033251,9.03329
8,0.23,0.0723,280,280,280,280,280,280,280,280,8.69979,8.699792,8.699796,8.699798,8.699838,8.699875,8.699912,8.69995
9,0.2399,0.0723,280,280,280,280,280,280,280,280,280,8.366434,8.366435,8.366446,8.366448,8.366485,8.366519,8.366554,8.36659,8.366626
