1,0.1153,0.0,18,11.99999
2,0.3808,0.0,18,18,6.599991,6.566663
3,0.7246,0.0,18,18,18,4.399991,4.366662,4.399997
4,0.8394,0.0,18,18,18,18,3.333328,3.399996,3.333331,3.366665
5,0.896,0.0,18,18,18,18,18,2.733315,2.666651,2.699985,2.666653,2.73332
6,0.9297,0.0,18,18,18,18,18,18,2.199389,2.232715,2.232716,2.232717,2.199393,2.199404
7,0.9486,0.0,18,18,18,18,18,18,18,1.933305,1.86664,1.899974,1.899975,1.866643,1.899984,1.899992
8,0.9608,0.0,18,18,18,18,18,18,18,18,1.699966,1.633302,1.633302,1.666636,1.699969,1.633312,1.633318,1.666658
9,0.969,0.0,18,18,18,18,18,18,18,18,18,1.433299,1.533298,1.499966,1.466634,1.466634,1.499974,1.399981,1.466653,1.46666
10,0.9756,0.0,18,18,18,18,18,18,18,18,18,18,1.299963,1.399961,1.266632,1.333298,1.266633,1.233307,1.266645,1.333316,1.266655,1.399994
1,0.1153,0.0,18,11.833315
2,0.4272,0.0,18,18,6.333323,6.33333
3,0.7248,0.0,18,18,18,4.399992,4.399995,4.433329
4,0.842,0.0,18,18,18,18,3.333326,3.366662,3.266663,3.333331
5,0.8996,0.0,18,18,18,18,18,2.633315,2.633317,2.666651,2.633319,2.666653
6,0.9328,0.0,18,18,18,18,18,18,2.166644,2.166645,2.166646,2.166646,2.19998,2.166657
7,0.9471,0.0,18,18,18,18,18,18,18,1.89997,1.966637,1.933306,1.899974,1.933307,1.899983,1.933324
8,0.9612,0.0,18,18,18,18,18,18,18,18,1.666634,1.633302,1.633303,1.666636,1.633304,1.666644,1.666651,1.666658
9,0.9712,0.0,18,18,18,18,18,18,18,18,18,1.366633,1.466632,1.4333,1.366635,1.433301,1.46664,1.399981,1.43332,1.433326
10,0.9766,0.0,18,18,18,18,18,18,18,18,18,18,1.19997,1.433298,1.233303,1.266636,1.299969,1.333309,1.266649,1.299987,1.233327,1.233332
1,0.1155,0.0,18,11.99999
2,0.4041,0.0,18,18,6.466659,6.466663
3,0.7353,0.0,18,18,18,4.299991,4.333328,4.33333
4,0.8425,0.0,18,18,18,18,3.333327,3.299995,3.366663,3.299998
5,0.9026,0.0,18,18,18,18,18,2.633317,2.599986,2.63332,2.63332,2.599988
6,0.9301,0.0,18,18,18,18,18,18,2.199977,2.233312,2.233313,2.166647,2.19998,2.19999
7,0.9488,0.0,18,18,18,18,18,18,18,1.899924,1.866594,1.899927,1.899927,1.93326,1.899936,1.866611
8,0.9628,0.0,18,18,18,18,18,18,18,18,1.59997,1.633303,1.599971,1.599972,1.633305,1.599979,1.633319,1.633325
9,0.97,0.0,18,18,18,18,18,18,18,18,18,1.433299,1.499966,1.466633,1.399969,1.466634,1.533307,1.399981,1.499986,1.299994
10,0.9768,0.0,18,18,18,18,18,18,18,18,18,18,1.299963,1.333296,1.233299,1.299965,1.199968,1.266639,1.299977,1.333316,1.266655,1.199994
1,0.1197,0.0,18,11.699989
2,0.4031,0.0,18,18,6.466658,6.466663
3,0.7232,0.0,18,18,18,4.366658,4.433328,4.399996
4,0.8482,0.0,18,18,18,18,3.266659,3.233328,3.299996,3.266664
5,0.8998,0.0,18,18,18,18,18,2.666649,2.66665,2.633319,2.63332,2.63332
6,0.9308,0.0,18,18,18,18,18,18,2.199976,2.199977,2.199978,2.199979,2.199979,2.233322
7,0.9488,0.0,18,18,18,18,18,18,18,1.899971,1.899973,1.899973,1.899974,1.899975,1.86665,1.866658
8,0.9627,0.0,18,18,18,18,18,18,18,18,1.566635,1.633302,1.633304,1.633304,1.633305,1.633312,1.633319,1.633326
9,0.9723,0.0,18,18,18,18,18,18,18,18,18,1.333302,1.366635,1.366636,1.466634,1.433302,1.399976,1.399981,1.43332,1.36666
10,0.9762,0.0,18,18,18,18,18,18,18,18,18,18,1.266631,1.299964,1.299965,1.266633,1.233301,1.299972,1.33331,1.26665,1.233322,1.36666
1,0.1162,0.0,18,11.966655
2,0.428,0.0,18,18,6.333323,6.333327
3,0.734,0.0,18,18,18,4.299992,4.299996,4.33333
4,0.8429,0.0,18,18,18,18,3.299993,3.333329,3.33333,3.299998
5,0.9,0.0,18,18,18,18,18,2.599983,2.666651,2.666652,2.666652,2.63332
6,0.935,0.0,18,18,18,18,18,18,2.13331,2.133312,2.133313,2.133313,2.133314,2.133324
7,0.9496,0.0,18,18,18,18,18,18,18,1.899971,1.86664,1.899973,1.866641,1.866642,1.86665,1.866658
8,0.9638,0.0,18,18,18,18,18,18,18,18,1.5997,1.566374,1.566374,1.599702,1.599703,1.59971,1.599717,1.599723
9,0.9706,0.0,18,18,18,18,18,18,18,18,18,1.399966,1.399967,1.533298,1.399968,1.433301,1.433308,1.466647,1.43332,1.433326
10,0.9767,0.0,18,18,18,18,18,18,18,18,18,18,1.266635,1.299969,1.299969,1.299969,1.266637,1.233311,1.333315,1.299987,1.26666,1.199999
1,0.1153,0.0,18,11.966655
2,0.4105,0.0,18,18,6.433325,6.43333
3,0.7331,0.0,18,18,18,4.299993,4.33333,4.299997
4,0.8472,0.0,18,18,18,18,3.266658,3.299994,3.266662,3.233331
5,0.9005,0.0,18,18,18,18,18,2.666647,2.66665,2.633317,2.633318,2.599986
6,0.9309,0.0,18,18,18,18,18,18,2.166643,2.233311,2.233312,2.19998,2.166647,2.19999
7,0.9489,0.0,18,18,18,18,18,18,18,1.866639,1.899973,1.899974,1.866641,1.899975,1.86665,1.899991
8,0.9623,0.0,18,18,18,18,18,18,18,18,1.633301,1.633302,1.633303,1.633304,1.599971,1.633311,1.633318,1.633325
9,0.9712,0.0,18,18,18,18,18,18,18,18,18,1.399972,1.433306,1.399974,1.433307,1.433307,1.433314,1.466653,1.399993,1.366665
10,0.9761,0.0,18,18,18,18,18,18,18,18,18,18,1.233302,1.266636,1.233304,1.4333,1.199972,1.299977,1.299982,1.299988,1.399993,1.266665
