2,0.6109,0.0,133,133,4.933315,4.933324
3,0.82,0.0,133,133,133,3.366658,3.333329,3.366663
4,0.8967,0.0,133,133,133,133,2.566656,2.499993,2.566662,2.53333
5,0.9326,0.0,133,133,133,133,133,2.066645,2.033313,2.033314,2.066652,2.066654
6,0.9544,0.0,133,133,133,133,133,133,1.699971,1.66664,1.699974,1.666642,1.699975,1.699988
7,0.9663,0.0,133,133,133,133,133,133,133,1.466642,1.466643,1.466643,1.433312,1.466646,1.433316,1.433324
8,0.9747,0.0,133,133,133,133,133,133,133,133,1.266631,1.266633,1.266633,1.266635,1.266635,1.23331,1.233318,1.266658
9,0.9797,0.0,133,133,133,133,133,133,133,133,133,1.099966,1.099967,1.166633,1.133302,1.133302,1.06664,1.199977,1.133319,1.099993
10,0.9846,0.0,133,133,133,133,133,133,133,133,133,133,0.999965,0.899969,0.999966,0.933303,0.966635,0.966641,0.933309,1.066645,1.099985,0.933327
2,0.603,0.0,133,133,4.966658,4.999994
3,0.8236,0.0,133,133,133,3.299982,3.333321,3.333324
4,0.8967,0.0,133,133,133,133,2.566657,2.533326,2.533328,2.533332
5,0.9313,0.0,133,133,133,133,133,2.066648,2.033318,2.066652,2.099987,2.099987
6,0.9529,0.0,133,133,133,133,133,133,1.733306,1.699976,1.699977,1.699977,1.733311,1.733322
7,0.9669,0.0,133,133,133,133,133,133,133,1.433303,1.433305,1.466638,1.433307,1.433308,1.433316,1.433324
8,0.9745,0.0,133,133,133,133,133,133,133,133,1.266636,1.266639,1.26664,1.266641,1.266642,1.266648,1.266656,1.233331
9,0.98,0.0,133,133,133,133,133,133,133,133,133,1.099971,1.033307,1.099972,1.099973,1.166639,1.133313,1.13332,1.133326,1.166666
10,0.9844,0.0,133,133,133,133,133,133,133,133,133,133,0.99998,1.099979,0.933316,0.96665,0.96665,1.066653,0.966658,0.966662,0.933332,0.966666
2,0.6266,0.0,133,133,4.83332,4.833328
3,0.8213,0.0,133,133,133,3.365822,3.365824,3.29918
4,0.8981,0.0,133,133,133,133,2.533323,2.533326,2.499995,2.533332
5,0.9322,0.0,133,133,133,133,133,2.066649,2.033318,2.066652,2.066652,2.066653
6,0.9529,0.0,133,133,133,133,133,133,1.699971,1.733306,1.733308,1.699976,1.73331,1.699988
7,0.9656,0.0,133,133,133,133,133,133,133,1.466635,1.466635,1.466636,1.466638,1.46664,1.466648,1.466657
8,0.9733,0.0,133,133,133,133,133,133,133,133,1.299962,1.266631,1.299964,1.299965,1.299966,1.266642,1.299983,1.299991
9,0.9809,0.0,133,133,133,133,133,133,133,133,133,1.066644,1.099977,1.099979,1.099979,1.133313,1.066653,1.133325,1.066665,1.066666
10,0.9846,0.0,133,133,133,133,133,133,133,133,133,133,1.099964,0.966635,0.999968,0.99997,0.933306,0.966643,0.933316,0.966654,0.966659,0.966666
2,0.6214,0.0,133,133,4.866659,4.866663
3,0.8188,0.0,133,133,133,3.366658,3.366661,3.366662
