2,0.2562,0.0,14,14,6.866656,6.866662
3,0.6515,0.0,14,14,14,4.733325,4.699995,4.666664
4,0.8012,0.0,14,14,14,14,3.566659,3.533328,3.53333,3.566664
5,0.8722,0.0,14,14,14,14,14,2.866646,2.833315,2.799983,2.866651,2.866652
6,0.9116,0.0,14,14,14,14,14,14,2.366639,2.366643,2.366644,2.366645,2.366646,2.366656
7,0.9335,0.0,14,14,14,14,14,14,14,2.066632,2.033301,2.033304,2.066639,2.033307,2.033316,2.099991
8,0.9503,0.0,14,14,14,14,14,14,14,14,1.799751,1.766423,1.766424,1.766426,1.766427,1.766435,1.799772,1.76645
9,0.9625,0.0,14,14,14,14,14,14,14,14,14,1.566629,1.533297,1.499966,1.599964,1.499967,1.533307,1.533313,1.566653,1.533326
10,0.9695,0.0,14,14,14,14,14,14,14,14,14,14,1.366629,1.333298,1.466628,1.333299,1.399964,1.39997,1.399976,1.366649,1.466654,1.36666
2,0.2562,0.0,14,14,6.866657,6.866662
3,0.6646,0.0,14,14,14,4.566659,4.633329,4.633331
4,0.7993,0.0,14,14,14,14,3.566655,3.566658,3.566659,3.56666
5,0.8728,0.0,14,14,14,14,14,2.833314,2.833316,2.833317,2.833318,2.866653
6,0.9121,0.0,14,14,14,14,14,14,2.366637,2.366638,2.366642,2.33331,2.366644,2.366656
7,0.9363,0.0,14,14,14,14,14,14,14,1.999964,2.033298,1.999968,2.066634,1.966636,1.999978,1.999986
8,0.9531,0.0,14,14,14,14,14,14,14,14,1.732839,1.766165,1.732841,1.732842,1.732843,1.699526,1.732858,1.666216
9,0.9613,0.0,14,14,14,14,14,14,14,14,14,1.633295,1.566631,1.533299,1.533299,1.566632,1.499974,1.599979,1.566653,1.599992
10,0.9698,0.0,14,14,14,14,14,14,14,14,14,14,1.333295,1.466625,1.433293,1.299966,1.333299,1.39997,1.499974,1.399982,1.333321,1.333327
2,0.2706,0.0,14,14,6.799989,6.799996
3,0.6581,0.0,14,14,14,4.666657,4.666661,4.633329
4,0.7993,0.0,14,14,14,14,3.566659,3.566661,3.566663,3.566664
5,0.8698,0.0,14,14,14,14,14,2.866648,2.899983,2.899984,2.866652,2.833319
6,0.9108,0.0,14,14,14,14,14,14,2.366634,2.399969,2.399973,2.366641,2.366642,2.366654
7,0.9363,0.0,14,14,14,14,14,14,14,1.99997,1.999971,1.999972,2.033306,1.999973,1.999982,2.033324
8,0.951,0.0,14,14,14,14,14,14,14,14,1.765896,1.765897,1.765898,1.765899,1.765899,1.765907,1.732595,1.765921
9,0.9611,0.0,14,14,14,14,14,14,14,14,14,1.566629,1.56663,1.599963,1.533299,1.566632,1.566639,1.566646,1.566652,1.599992
10,0.9688,0.0,14,14,14,14,14,14,14,14,14,14,1.399825,1.399829,1.466488,1.366501,1.399832,1.433169,1.433175,1.366522,1.433188,1.366534
2,0.2777,0.0,14,14,6.766656,6.766663
3,0.6482,0.0,14,14,14,4.733325,4.699995,4.733329
4,0.7984,0.0,14,14,14,14,3.599993,3.599995,3.533329,3.566664
5,0.8711,0.0,14,14,14,14,14,2.865161,2.865163,2.831849,2.865169,2.86517
6,0.91,0.0,14,14,14,14,14,14,2.39997,2.366638,2.366642,2.366644,2.433311,2.399989
7,0.9366,0.0,14,14,14,14,14,14,14,2.0333,1.999969,1.999969,1.999971,1.999974,1.999983,1.999991
8,0.9517,0.0,14,14,14,14,14,14,14,14,1.766632,1.733301,1.766634,1.733302,1.766635,1.733311,1.733318,1.766658
9,0.9625,0.0,14,14,14,14,14,14,14,14,14,1.566627,1.59996,1.56663,1.599965,1.499968,1.56664,1.433315,1.466653,1.566659
10,0.9689,0.0,14,14,14,14,14,14,14,14,14,14,1.433292,1.366628,1.39996,1.366629,1.399963,1.333305,1.433308,1.433314,1.366654,1.499993
2,0.249,0.0,14,14,6.899991,6.899996
3,0.6466,0.0,14,14,14,4.766652,4.699989,4.733329
4,0.7993,0.0,14,14,14,14,3.533321,3.633324,3.599996,3.499998
5,0.8722,0.0,14,14,14,14,14,2.866648,2.799983,2.866651,2.866652,2.83332
6,0.9108,0.0,14,14,14,14,14,14,2.366641,2.399975,2.366643,2.399978,2.366645,2.366656
7,0.9354,0.0,14,14,14,14,14,14,14,2.033301,2.033302,1.99997,2.066637,1.999972,2.033315,1.999991
8,0.9519,0.0,14,14,14,14,14,14,14,14,1.76663,1.766631,1.733299,1.7333,1.733301,1.73331,1.766651,1.733325
9,0.9616,0.0,14,14,14,14,14,14,14,14,14,1.533295,1.566628,1.633294,1.533297,1.466634,1.499974,1.599979,1.633318,1.566659
