2,0.1071,0.0334,249,249,8.566658,8.566663
3,0.1254,0.0334,249,249,249,7.79998,7.799985,7.799991
4,0.245,0.1806,280,280,280,280,7.933316,7.933322,7.933324,7.933326
5,0.2573,0.1806,280,280,280,280,280,7.666626,7.666626,7.66664,7.666642,7.666652
6,0.2892,0.1806,280,280,280,280,280,280,7.366589,7.366594,7.366599,7.366606,7.366647,7.366655
7,0.3308,0.1806,280,280,280,280,280,280,280,7.166557,7.13323,7.166564,7.133232,7.133277,7.13328,7.166616
8,0.6951,0.7157,311,311,311,311,311,311,311,311,8.733051,8.733057,8.733063,8.73307,8.733124,8.733185,8.733249,8.733252
9,0.6909,0.7157,311,311,311,311,311,311,311,311,311,8.866396,8.866402,8.86642,8.866427,8.866481,8.866491,8.866505,8.866551,8.866609
10,0.6993,0.7157,311,311,311,311,311,311,311,311,311,311,8.633103,8.599771,8.599778,8.599784,8.59983,8.599834,8.599837,8.599887,8.59989,8.59994
2,0.1106,0.0334,249,249,8.39999,8.39999
3,0.1227,0.0334,249,249,249,7.899986,7.899987,7.899992
4,0.2406,0.1806,280,280,280,280,8.033298,8.033306,8.033312,8.033314
5,0.2589,0.1806,280,280,280,280,280,7.633262,7.633263,7.633277,7.633281,7.633291
6,0.321,0.1806,280,280,280,280,280,280,7.199891,7.199892,7.199899,7.199905,7.199915,7.199955
7,0.3442,0.1806,280,280,280,280,280,280,280,7.066511,7.099845,7.066519,7.099864,7.066544,7.06658,7.066621
8,0.6962,0.7157,311,311,311,311,311,311,311,311,8.699716,8.699717,8.699724,8.699731,8.699781,8.699833,8.699886,8.699939
9,0.6983,0.7157,311,311,311,311,311,311,311,311,311,8.633046,8.633046,8.63307,8.633079,8.63312,8.633124,8.633173,8.633222,8.633273
10,0.6983,0.7157,311,311,311,311,311,311,311,311,311,311,8.632955,8.632962,8.632969,8.632984,8.633026,8.63303,8.633088,8.633147,8.633208,8.633265
2,0.1066,0.0233,229,229,8.233326,8.233328
3,0.1254,0.0334,249,249,249,7.799982,7.799987,7.799994
4,0.2464,0.1806,280,280,280,280,7.899943,7.899949,7.899955,7.899957
5,0.2622,0.1806,280,280,280,280,280,7.566555,7.566556,7.566576,7.566583,7.566625
6,0.2892,0.1806,280,280,280,280,280,280,7.366539,7.36654,7.366547,7.366555,7.366588,7.366625
7,0.3147,0.1806,280,280,280,280,280,280,280,7.233169,7.23317,7.233177,7.23318,7.233215,7.233253,7.233291
8,0.6972,0.7157,311,311,311,311,311,311,311,311,8.666469,8.666475,8.666483,8.666488,8.666532,8.666584,8.666636,8.66664
9,0.6972,0.7157,311,311,311,311,311,311,311,311,311,8.66636,8.666361,8.666393,8.666395,8.66645,8.666501,8.666553,8.666605,8.666659
10,0.6961,0.7157,311,311,311,311,311,311,311,311,311,311,8.699743,8.699745,8.69976,8.699764,8.699807,8.699866,8.699917,8.69997,8.699974,8.699987
2,0.1044,0.0233,229,229,8.333321,8.333327
3,0.1245,0.0334,249,249,249,7.833318,7.833324,7.833329
4,0.2407,0.1806,280,280,280,280,8.033286,8.03329,8.033292,8.033295
5,0.2589,0.1806,280,280,280,280,280,7.633238,7.633243,7.633257,7.633259,7.633293
6,0.2892,0.1806,280,280,280,280,280,280,7.366521,7.366522,7.366528,7.366538,7.366576,7.366619
7,0.3326,0.1806,280,280,280,280,280,280,280,7.133168,7.166502,7.133175,7.133182,7.13322,7.133254,7.133292
8,0.6972,0.7157,311,311,311,311,311,311,311,311,8.666477,8.666478,8.666494,8.666506,8.666546,8.666591,8.666636,8.66664
9,0.693,0.7157,311,311,311,311,311,311,311,311,311,8.799738,8.799739,8.799764,8.799767,8.799806,8.799851,8.799896,8.799943,8.799992
10,0.6994,0.7157,311,311,311,311,311,311,311,311,311,311,8.599756,8.599756,8.599771,8.59978,8.599817,8.599872,8.599923,8.599975,8.599979,8.59999
