1,0.3354,0.3952,311,11.966659
2,0.3438,0.3952,311,311,11.966659,11.96666
3,0.3377,0.3952,311,311,311,12.099989,12.09999,12.099993
4,0.3349,0.3952,311,311,311,311,11.833267,11.833268,11.83327,11.833273
5,0.3397,0.3952,311,311,311,311,311,11.899885,11.899885,11.899887,11.89989,11.899944
6,0.3419,0.3952,311,311,311,311,311,311,11.666498,11.666499,11.666505,11.666508,11.666563,11.666612
7,0.3413,0.3952,311,311,311,311,311,311,311,11.633114,11.633115,11.633118,11.633123,11.633179,11.633227,11.633277
8,0.345,0.3952,311,311,311,311,311,311,311,311,11.566396,11.566399,11.566402,11.566404,11.56646,11.566509,11.566557,11.566608
9,0.3419,0.3952,311,311,311,311,311,311,311,311,311,11.533053,11.533055,11.533061,11.533077,11.533127,11.533175,11.533221,11.53327,11.533319
10,0.3486,0.3952,311,311,311,311,311,311,311,311,311,311,11.466156,11.466157,11.466174,11.46618,11.466257,11.466334,11.46641,11.466489,11.466571,11.466647
1,0.3303,0.3952,311,11.999996
2,0.3405,0.3952,311,311,11.733322,11.733323
3,0.343,0.3952,311,311,311,11.866652,11.866653,11.866656
4,0.3373,0.3952,311,311,311,311,11.766598,11.7666,11.766602,11.766605
5,0.3456,0.3952,311,311,311,311,311,11.533211,11.533212,11.533219,11.533223,11.533277
6,0.3374,0.3952,311,311,311,311,311,311,11.666502,11.666503,11.666505,11.666508,11.666562,11.66661
7,0.3422,0.3952,311,311,311,311,311,311,311,11.599783,11.599784,11.59979,11.599793,11.599846,11.599894,11.599942
8,0.3367,0.3952,311,311,311,311,311,311,311,311,11.59973,11.599734,11.599736,11.599739,11.599791,11.59984,11.599889,11.59994
9,0.3429,0.3952,311,311,311,311,311,311,311,311,311,11.499718,11.499719,11.499725,11.499737,11.499789,11.499836,11.499883,11.499935,11.499987
10,0.3478,0.3952,311,311,311,311,311,311,311,311,311,311,11.532736,11.532744,11.532752,11.532761,11.532835,11.532911,11.53299,11.533068,11.533143,11.533212
1,0.3408,0.3952,311,11.833329
2,0.3383,0.3952,311,311,11.699993,11.699994
3,0.3383,0.3952,311,311,311,11.599984,11.599989,11.599992
4,0.3413,0.3952,311,311,311,311,11.633267,11.633269,11.633272,11.633276
5,0.3453,0.3952,311,311,311,311,311,11.699887,11.699888,11.69989,11.699893,11.699946
6,0.3436,0.3952,311,311,311,311,311,311,11.599838,11.599839,11.599841,11.599843,11.599896,11.599945
7,0.3423,0.3952,311,311,311,311,311,311,311,11.633106,11.63311,11.633113,11.633116,11.633169,11.633218,11.633268
8,0.3491,0.3952,311,311,311,311,311,311,311,311,11.299739,11.299741,11.299747,11.29975,11.299802,11.299848,11.299896,11.299944
9,0.3411,0.3952,311,311,311,311,311,311,311,311,311,11.499704,11.499705,11.499713,11.499726,11.499781,11.499832,11.499882,11.499936,11.499985
10,0.3564,0.3952,311,311,311,311,311,311,311,311,311,311,11.1995,11.199508,11.19951,11.199512,11.19959,11.199667,11.199738,11.19983,11.19991,11.19999
1,0.338,0.3952,311,11.933329
2,0.3416,0.3952,311,311,11.699992,11.699994
3,0.3392,0.3952,311,311,311,11.89999,11.899988,11.89999
4,0.3412,0.3952,311,311,311,311,11.799935,11.799936,11.799939,11.799941
5,0.3393,0.3952,311,311,311,311,311,11.73322,11.73322,11.733222,11.733225,11.733277
6,0.3488,0.3952,311,311,311,311,311,311,11.433174,11.433176,11.433178,11.43318,11.433232,11.43328
7,0.3449,0.3952,311,311,311,311,311,311,311,11.633121,11.633122,11.633125,11.633127,11.63318,11.633227,11.599944
8,0.3484,0.3952,311,311,311,311,311,311,311,311,11.366408,11.366409,11.366412,11.366414,11.366465,11.366513,11.36656,11.366609
9,0.3421,0.3952,311,311,311,311,311,311,311,311,311,11.499721,11.499722,11.499728,11.49974,11.499791,11.499839,11.499887,11.499937,11.499986
10,0.3456,0.3952,311,311,311,311,311,311,311,311,311,311,11.53301,11.533011,11.533013,11.533015,11.533067,11.533117,11.533165,11.533215,11.533268,11.53332
1,0.3414,0.3952,311,11.766663
2,0.3434,0.3952,311,311,11.933324,11.933325
3,0.3417,0.3952,311,311,311,11.899989,11.89999,11.899992
4,0.3475,0.3952,311,311,311,311,11.699936,11.699938,11.69994,11.699942
5,0.3419,0.3952,311,311,311,311,311,11.499888,11.499889,11.499891,11.499893,11.499946
6,0.3494,0.3952,311,311,311,311,311,311,11.633169,11.633171,11.633174,11.63318,11.633233,11.633281
7,0.3439,0.3952,311,311,311,311,311,311,311,11.633117,11.633119,11.633125,11.633128,11.63318,11.633228,11.633276
8,0.3444,0.3952,311,311,311,311,311,311,311,311,11.799728,11.799729,11.799735,11.799738,11.79979,11.79984,11.799889,11.79994
9,0.3479,0.3952,311,311,311,311,311,311,311,311,311,11.199722,11.199723,11.199729,11.199741,11.199792,11.199841,11.199889,11.199938,11.199987
10,0.3389,0.3952,311,311,311,311,311,311,311,311,311,311,11.466349,11.46635,11.466352,11.466355,11.466407,11.466454,11.466502,11.466553,11.466604,11.466654
1,0.3369,0.3952,311,11.999992
2,0.3397,0.3952,311,311,11.933326,11.933327
3,0.3375,0.3952,311,311,311,11.933318,11.933323,11.933325
4,0.3339,0.3952,311,311,311,311,11.933265,11.93327,11.933272,11.933275
5,0.3448,0.3952,311,311,311,311,311,11.666552,11.666552,11.666554,11.66656,11.666613
6,0.3469,0.3952,311,311,311,311,311,311,11.499832,11.499834,11.499839,11.499843,11.499895,11.499943
7,0.3436,0.3952,311,311,311,311,311,311,311,11.566449,11.56645,11.566455,11.566459,11.566512,11.56656,11.566609
8,0.3499,0.3952,311,311,311,311,311,311,311,311,11.333112,11.333116,11.33312,11.333123,11.333175,11.333223,11.333271,11.333321
9,0.3471,0.3952,311,311,311,311,311,311,311,311,311,11.266393,11.266394,11.266396,11.266407,11.266459,11.266507,11.266555,11.266605,11.266654
10,0.344,0.3952,311,311,311,311,311,311,311,311,311,311,11.433057,11.433058,11.433061,11.433064,11.433116,11.433163,11.433214,11.433265,11.433314,11.43332
