2,0.7394,0.705,311,311,12.733318,12.73332
3,0.7394,0.705,311,311,311,12.233317,12.233319,12.233325
4,0.7394,0.705,311,311,311,311,12.599918,12.59992,12.599927,12.599932
5,0.7394,0.705,311,311,311,311,311,12.499869,12.499871,12.499882,12.499886,12.499943
6,0.7394,0.705,311,311,311,311,311,311,12.333155,12.333156,12.333163,12.333167,12.333222,12.333274
7,0.7394,0.705,311,311,311,311,311,311,311,12.366428,12.366429,12.366436,12.36644,12.366507,12.366558,12.366609
8,0.7394,0.705,311,311,311,311,311,311,311,311,12.233051,12.23305,12.266389,12.233061,12.233118,12.233169,12.23322,12.233272
9,0.7394,0.705,311,311,311,311,311,311,311,311,311,12.032984,12.032988,12.032995,12.033008,12.033065,12.033118,12.03317,12.033221,12.033274
10,0.7394,0.705,311,311,311,311,311,311,311,311,311,311,12.232717,12.232725,12.232744,12.232756,12.232825,12.232906,12.232981,12.233085,12.233171,12.233252
2,0.7394,0.705,311,311,12.799986,12.799988
3,0.7394,0.705,311,311,311,12.433294,12.433296,12.433315
4,0.7394,0.705,311,311,311,311,12.63326,12.633263,12.633266,12.63327
5,0.7394,0.705,311,311,311,311,311,12.433214,12.433216,12.433221,12.433224,12.433277
6,0.7394,0.705,311,311,311,311,311,311,12.233143,12.233146,12.233153,12.233175,12.233229,12.233278
7,0.7394,0.705,311,311,311,311,311,311,311,12.299767,12.29977,12.299774,12.299777,12.299832,12.299887,12.299939
8,0.7394,0.705,311,311,311,311,311,311,311,311,12.333052,12.333057,12.33306,12.333063,12.333118,12.33317,12.333221,12.333272
9,0.7394,0.705,311,311,311,311,311,311,311,311,311,12.166332,12.166335,12.166342,12.166347,12.166407,12.166455,12.166506,12.166557,12.166609
10,0.7394,0.705,311,311,311,311,311,311,311,311,311,311,11.899601,11.899603,11.89961,11.899629,11.899682,11.899729,11.899777,11.899837,11.899896,11.899943
2,0.7394,0.705,311,311,12.666651,12.666654
3,0.7394,0.705,311,311,311,12.699968,12.69997,12.699976
4,0.7394,0.705,311,311,311,311,12.566594,12.566598,12.566601,12.566606
5,0.7394,0.705,311,311,311,311,311,12.53305,12.533052,12.533058,12.533063,12.533119
6,0.7394,0.705,311,311,311,311,311,311,12.666486,12.666488,12.666495,12.666499,12.666557,12.666609
7,0.7394,0.705,311,311,311,311,311,311,311,12.133111,12.133113,12.133118,12.133123,12.133176,12.133226,12.133275
8,0.7394,0.705,311,311,311,311,311,311,311,311,12.39972,12.399721,12.399726,12.399729,12.399786,12.399836,12.399888,12.39994
9,0.7394,0.705,311,311,311,311,311,311,311,311,311,12.266312,12.266314,12.266321,12.266341,12.266401,12.266451,12.266501,12.266554,12.266607
10,0.7394,0.705,311,311,311,311,311,311,311,311,311,311,12.199655,12.199656,12.199661,12.199664,12.199718,12.199768,12.199819,12.19988,12.199936,12.199987
2,0.7394,0.705,311,311,12.633322,12.633324
3,0.7394,0.705,311,311,311,12.366652,12.366655,12.366658
4,0.7394,0.705,311,311,311,311,12.333238,12.333241,12.333249,12.333253
5,0.7394,0.705,311,311,311,311,311,12.599872,12.599874,12.599885,12.599889,12.599944
6,0.7394,0.705,311,311,311,311,311,311,12.466478,12.46648,12.4665,12.466505,12.46656,12.466611
7,0.7394,0.705,311,311,311,311,311,311,311,12.366421,12.366424,12.366429,12.36645,12.366505,12.366557,12.366608
8,0.7394,0.705,311,311,311,311,311,311,311,311,12.299718,12.299718,12.299724,12.299727,12.299784,12.299834,12.299886,12.299939
9,0.7394,0.705,311,311,311,311,311,311,311,311,311,12.032977,12.032983,12.032988,12.033001,12.03306,12.033114,12.033166,12.033218,12.033271
10,0.7394,0.705,311,311,311,311,311,311,311,311,311,311,12.166337,12.166337,12.166343,12.166359,12.166408,12.166453,12.1665,12.166557,12.166607,12.166654
