0,1,0.8051,0.7761,0.7422,0.7844
0,2,0.7301,0.7910,0.6506,0.8084
0,3,0.6933,0.8060,0.6061,0.8263
0,4,0.6696,0.8060,0.5774,0.8413
0,5,0.6528,0.8209,0.5568,0.8503
0,6,0.6399,0.8209,0.5408,0.8593
0,7,0.6296,0.8134,0.5280,0.8713
0,8,0.6211,0.8134,0.5173,0.8743
0,9,0.6140,0.8134,0.5083,0.8743
0,10,0.6079,0.8134,0.5004,0.8772
0,11,0.6026,0.8134,0.4936,0.8862
0,12,0.5979,0.8134,0.4875,0.8892
0,13,0.5937,0.8134,0.4821,0.8892
0,14,0.5900,0.8209,0.4771,0.8892
0,15,0.5866,0.8209,0.4727,0.8892
0,16,0.5835,0.8209,0.4686,0.8892
0,17,0.5807,0.8209,0.4648,0.8892
0,18,0.5780,0.8209,0.4613,0.8892
0,19,0.5756,0.8209,0.4581,0.8892
0,20,0.5733,0.8284,0.4550,0.8892
0,21,0.5712,0.8284,0.4522,0.8892
0,22,0.5693,0.8284,0.4495,0.8892
0,23,0.5674,0.8284,0.4470,0.8892
0,24,0.5657,0.8284,0.4446,0.8892
0,25,0.5640,0.8284,0.4424,0.8922
0,26,0.5625,0.8284,0.4402,0.8922
0,27,0.5610,0.8284,0.4382,0.8952
0,28,0.5596,0.8284,0.4363,0.8952
0,29,0.5582,0.8284,0.4344,0.8952
0,30,0.5570,0.8284,0.4327,0.8952
0,31,0.5557,0.8284,0.4310,0.8952
0,32,0.5546,0.8358,0.4293,0.8952
0,33,0.5535,0.8358,0.4278,0.8952
0,34,0.5524,0.8433,0.4263,0.8952
0,35,0.5514,0.8433,0.4249,0.8922
0,36,0.5504,0.8433,0.4235,0.8922
0,37,0.5495,0.8433,0.4221,0.8922
0,38,0.5486,0.8433,0.4209,0.8922
0,39,0.5477,0.8433,0.4196,0.8922
0,40,0.5468,0.8433,0.4184,0.8922
4,1,0.8053,0.7761,0.7423,0.7844
4,2,0.7303,0.7910,0.6506,0.8084
4,3,0.6935,0.8060,0.6061,0.8263
4,4,0.6698,0.8060,0.5775,0.8413
4,5,0.6529,0.8134,0.5568,0.8533
4,6,0.6401,0.8134,0.5408,0.8593
4,7,0.6299,0.8134,0.5280,0.8713
4,8,0.6215,0.8134,0.5173,0.8743
4,9,0.6143,0.8134,0.5082,0.8743
4,10,0.6082,0.8134,0.5004,0.8772
4,11,0.6029,0.8134,0.4936,0.8892
4,12,0.5982,0.8134,0.4875,0.8892
4,13,0.5941,0.8209,0.4820,0.8892
4,14,0.5903,0.8209,0.4771,0.8892
4,15,0.5869,0.8209,0.4726,0.8892
4,16,0.5838,0.8209,0.4685,0.8892
4,17,0.5810,0.8209,0.4647,0.8892
4,18,0.5783,0.8209,0.4612,0.8892
4,19,0.5759,0.8284,0.4580,0.8892
4,20,0.5736,0.8284,0.4549,0.8892
4,21,0.5715,0.8284,0.4521,0.8892
4,22,0.5696,0.8284,0.4494,0.8892
4,23,0.5677,0.8284,0.4469,0.8892
4,24,0.5660,0.8284,0.4445,0.8892
4,25,0.5643,0.8284,0.4423,0.8922
4,26,0.5627,0.8284,0.4401,0.8922
4,27,0.5613,0.8284,0.4381,0.8922
4,28,0.5599,0.8284,0.4362,0.8952
4,29,0.5585,0.8284,0.4343,0.8952
4,30,0.5572,0.8284,0.4325,0.8952
4,31,0.5560,0.8284,0.4309,0.8952
4,32,0.5549,0.8358,0.4292,0.8952
4,33,0.5538,0.8358,0.4277,0.8952
4,34,0.5527,0.8358,0.4262,0.8952
4,35,0.5517,0.8433,0.4247,0.8952
4,36,0.5507,0.8433,0.4234,0.8952
4,37,0.5497,0.8433,0.4220,0.8952
4,38,0.5488,0.8433,0.4207,0.8952
4,39,0.5479,0.8433,0.4195,0.8922
4,40,0.5471,0.8433,0.4183,0.8922
7,1,0.8053,0.7761,0.7426,0.7844
7,2,0.7301,0.7910,0.6508,0.8084
7,3,0.6933,0.7985,0.6063,0.8204
7,4,0.6696,0.7985,0.5777,0.8443
7,5,0.6527,0.8060,0.5569,0.8473
7,6,0.6398,0.8134,0.5410,0.8593
7,7,0.6295,0.8134,0.5282,0.8683
7,8,0.6211,0.8134,0.5175,0.8713
7,9,0.6140,0.8134,0.5085,0.8772
7,10,0.6079,0.8134,0.5007,0.8772
7,11,0.6025,0.8134,0.4938,0.8832
7,12,0.5978,0.8209,0.4878,0.8862
7,13,0.5936,0.8209,0.4823,0.8892
7,14,0.5899,0.8209,0.4774,0.8892
7,15,0.5865,0.8209,0.4729,0.8892
7,16,0.5834,0.8209,0.4688,0.8892
7,17,0.5805,0.8209,0.4650,0.8892
7,18,0.5779,0.8209,0.4615,0.8892
7,19,0.5755,0.8284,0.4583,0.8862
7,20,0.5732,0.8284,0.4552,0.8862
7,21,0.5711,0.8284,0.4524,0.8862
7,22,0.5692,0.8284,0.4497,0.8862
7,23,0.5673,0.8284,0.4472,0.8862
7,24,0.5656,0.8284,0.4448,0.8892
7,25,0.5639,0.8284,0.4426,0.8892
7,26,0.5624,0.8284,0.4405,0.8922
7,27,0.5609,0.8284,0.4384,0.8922
7,28,0.5595,0.8284,0.4365,0.8922
7,29,0.5581,0.8284,0.4346,0.8922
7,30,0.5569,0.8284,0.4329,0.8922
7,31,0.5557,0.8358,0.4312,0.8922
7,32,0.5545,0.8358,0.4296,0.8922
7,33,0.5534,0.8358,0.4280,0.8922
7,34,0.5523,0.8358,0.4265,0.8922
7,35,0.5513,0.8358,0.4251,0.8922
7,36,0.5503,0.8358,0.4237,0.8922
7,37,0.5494,0.8358,0.4223,0.8922
7,38,0.5485,0.8433,0.4211,0.8922
7,39,0.5476,0.8433,0.4198,0.8922
7,40,0.5467,0.8433,0.4186,0.8922
10,1,0.8048,0.7761,0.7423,0.7844
10,2,0.7295,0.7910,0.6506,0.8084
10,3,0.6927,0.7985,0.6061,0.8293
10,4,0.6689,0.7985,0.5775,0.8443
10,5,0.6520,0.8060,0.5567,0.8473
10,6,0.6391,0.8134,0.5407,0.8563
10,7,0.6288,0.8134,0.5279,0.8623
10,8,0.6204,0.8134,0.5172,0.8683
10,9,0.6132,0.8134,0.5081,0.8743
10,10,0.6071,0.8134,0.5003,0.8743
10,11,0.6018,0.8134,0.4935,0.8802
10,12,0.5971,0.8209,0.4874,0.8832
10,13,0.5929,0.8209,0.4820,0.8862
10,14,0.5891,0.8209,0.4771,0.8862
10,15,0.5857,0.8209,0.4726,0.8862
10,16,0.5826,0.8209,0.4685,0.8862
10,17,0.5798,0.8209,0.4647,0.8862
10,18,0.5771,0.8209,0.4613,0.8862
10,19,0.5747,0.8284,0.4580,0.8862
10,20,0.5724,0.8284,0.4550,0.8862
10,21,0.5703,0.8284,0.4521,0.8862
10,22,0.5683,0.8284,0.4495,0.8862
10,23,0.5665,0.8284,0.4470,0.8862
10,24,0.5647,0.8284,0.4446,0.8862
10,25,0.5631,0.8284,0.4423,0.8892
10,26,0.5615,0.8284,0.4402,0.8922
10,27,0.5601,0.8284,0.4382,0.8922
10,28,0.5587,0.8284,0.4363,0.8922
10,29,0.5573,0.8284,0.4344,0.8922
10,30,0.5561,0.8284,0.4326,0.8922
10,31,0.5549,0.8358,0.4310,0.8922
10,32,0.5537,0.8358,0.4293,0.8922
10,33,0.5526,0.8433,0.4278,0.8922
10,34,0.5516,0.8433,0.4263,0.8922
10,35,0.5506,0.8433,0.4249,0.8922
10,36,0.5496,0.8433,0.4235,0.8922
10,37,0.5487,0.8433,0.4221,0.8922
10,38,0.5478,0.8433,0.4208,0.8922
10,39,0.5469,0.8433,0.4196,0.8922
10,40,0.5460,0.8433,0.4184,0.8922
11,1,0.8050,0.7761,0.7423,0.7844
11,2,0.7297,0.7910,0.6507,0.8084
11,3,0.6928,0.7985,0.6062,0.8263
11,4,0.6691,0.7985,0.5776,0.8443
11,5,0.6522,0.8060,0.5569,0.8473
11,6,0.6393,0.8134,0.5409,0.8533
11,7,0.6290,0.8134,0.5280,0.8653
11,8,0.6205,0.8134,0.5174,0.8683
11,9,0.6133,0.8134,0.5083,0.8743
11,10,0.6072,0.8134,0.5005,0.8743
11,11,0.6019,0.8209,0.4937,0.8802
11,12,0.5972,0.8209,0.4876,0.8832
11,13,0.5930,0.8209,0.4822,0.8832
11,14,0.5893,0.8209,0.4772,0.8862
11,15,0.5858,0.8209,0.4728,0.8862
11,16,0.5827,0.8209,0.4687,0.8862
11,17,0.5799,0.8209,0.4649,0.8862
11,18,0.5773,0.8209,0.4614,0.8862
11,19,0.5748,0.8284,0.4582,0.8862
11,20,0.5726,0.8284,0.4551,0.8862
11,21,0.5704,0.8284,0.4523,0.8862
11,22,0.5685,0.8284,0.4496,0.8862
11,23,0.5666,0.8284,0.4471,0.8862
11,24,0.5649,0.8284,0.4447,0.8862
11,25,0.5632,0.8284,0.4425,0.8892
11,26,0.5617,0.8284,0.4403,0.8922
11,27,0.5602,0.8284,0.4383,0.8922
11,28,0.5588,0.8284,0.4364,0.8922
11,29,0.5575,0.8284,0.4345,0.8922
11,30,0.5562,0.8284,0.4328,0.8922
11,31,0.5550,0.8284,0.4311,0.8922
11,32,0.5539,0.8358,0.4295,0.8922
11,33,0.5528,0.8358,0.4279,0.8922
11,34,0.5517,0.8433,0.4264,0.8922
11,35,0.5507,0.8433,0.4250,0.8922
11,36,0.5497,0.8433,0.4236,0.8922
11,37,0.5487,0.8433,0.4222,0.8922
11,38,0.5478,0.8433,0.4210,0.8922
11,39,0.5470,0.8433,0.4197,0.8922
11,40,0.5461,0.8433,0.4185,0.8922
14,1,0.8048,0.7761,0.7423,0.7844
14,2,0.7296,0.7910,0.6508,0.8084
14,3,0.6926,0.7985,0.6063,0.8263
14,4,0.6688,0.7985,0.5777,0.8443
14,5,0.6519,0.8134,0.5570,0.8443
14,6,0.6390,0.8134,0.5411,0.8563
14,7,0.6287,0.8134,0.5282,0.8683
14,8,0.6203,0.8134,0.5176,0.8713
14,9,0.6131,0.8134,0.5085,0.8743
14,10,0.6069,0.8134,0.5007,0.8743
14,11,0.6016,0.8134,0.4939,0.8802
14,12,0.5969,0.8209,0.4878,0.8832
14,13,0.5927,0.8209,0.4824,0.8862
14,14,0.5889,0.8209,0.4775,0.8862
14,15,0.5855,0.8209,0.4730,0.8862
14,16,0.5823,0.8209,0.4689,0.8862
14,17,0.5795,0.8209,0.4651,0.8862
14,18,0.5768,0.8209,0.4616,0.8862
14,19,0.5744,0.8284,0.4584,0.8862
14,20,0.5721,0.8284,0.4554,0.8862
14,21,0.5699,0.8284,0.4525,0.8862
14,22,0.5680,0.8284,0.4498,0.8862
14,23,0.5661,0.8284,0.4473,0.8862
14,24,0.5644,0.8284,0.4450,0.8862
14,25,0.5627,0.8284,0.4427,0.8892
14,26,0.5611,0.8284,0.4406,0.8922
14,27,0.5597,0.8284,0.4386,0.8922
14,28,0.5583,0.8284,0.4366,0.8922
14,29,0.5569,0.8284,0.4348,0.8922
14,30,0.5557,0.8358,0.4330,0.8922
14,31,0.5545,0.8433,0.4313,0.8922
14,32,0.5533,0.8433,0.4297,0.8922
14,33,0.5522,0.8433,0.4282,0.8922
14,34,0.5511,0.8433,0.4267,0.8922
14,35,0.5501,0.8433,0.4252,0.8922
14,36,0.5491,0.8433,0.4239,0.8922
14,37,0.5482,0.8433,0.4225,0.8922
14,38,0.5473,0.8433,0.4212,0.8922
14,39,0.5464,0.8433,0.4200,0.8922
14,40,0.5456,0.8433,0.4188,0.8922
17,1,0.8056,0.7761,0.7437,0.7844
17,2,0.7303,0.7910,0.6523,0.8084
17,3,0.6932,0.7985,0.6077,0.8234
17,4,0.6695,0.7985,0.5790,0.8413
17,5,0.6525,0.8134,0.5582,0.8473
17,6,0.6395,0.8134,0.5423,0.8503
17,7,0.6291,0.8134,0.5294,0.8623
17,8,0.6206,0.8134,0.5187,0.8683
17,9,0.6134,0.8134,0.5097,0.8713
17,10,0.6072,0.8209,0.5018,0.8713
17,11,0.6018,0.8209,0.4950,0.8713
17,12,0.5971,0.8209,0.4889,0.8743
17,13,0.5928,0.8209,0.4835,0.8772
17,14,0.5890,0.8209,0.4785,0.8862
17,15,0.5856,0.8209,0.4741,0.8862
17,16,0.5824,0.8209,0.4700,0.8862
17,17,0.5796,0.8209,0.4662,0.8862
17,18,0.5769,0.8284,0.4627,0.8862
17,19,0.5745,0.8284,0.4594,0.8862
17,20,0.5722,0.8284,0.4564,0.8862
17,21,0.5701,0.8284,0.4536,0.8862
17,22,0.5681,0.8284,0.4509,0.8862
17,23,0.5663,0.8284,0.4484,0.8862
17,24,0.5645,0.8284,0.4461,0.8892
17,25,0.5629,0.8284,0.4438,0.8922
17,26,0.5613,0.8284,0.4417,0.8922
17,27,0.5598,0.8284,0.4397,0.8922
17,28,0.5584,0.8284,0.4378,0.8922
17,29,0.5571,0.8284,0.4359,0.8922
17,30,0.5559,0.8358,0.4342,0.8922
17,31,0.5546,0.8358,0.4325,0.8922
17,32,0.5535,0.8358,0.4309,0.8922
17,33,0.5524,0.8358,0.4293,0.8922
17,34,0.5513,0.8433,0.4278,0.8922
17,35,0.5503,0.8433,0.4264,0.8922
17,36,0.5493,0.8433,0.4250,0.8922
17,37,0.5484,0.8433,0.4237,0.8922
17,38,0.5475,0.8433,0.4224,0.8922
17,39,0.5466,0.8433,0.4211,0.8922
17,40,0.5457,0.8433,0.4199,0.8922
18,1,0.8054,0.7761,0.7434,0.7844
18,2,0.7303,0.7910,0.6520,0.8084
18,3,0.6933,0.7985,0.6075,0.8234
18,4,0.6696,0.7985,0.5788,0.8413
18,5,0.6526,0.8134,0.5581,0.8443
18,6,0.6396,0.8134,0.5421,0.8563
18,7,0.6292,0.8134,0.5292,0.8653
18,8,0.6207,0.8134,0.5186,0.8683
18,9,0.6135,0.8134,0.5096,0.8683
18,10,0.6073,0.8209,0.5018,0.8713
18,11,0.6019,0.8209,0.4949,0.8743
18,12,0.5972,0.8209,0.4888,0.8743
18,13,0.5930,0.8209,0.4834,0.8802
18,14,0.5892,0.8209,0.4785,0.8802
18,15,0.5857,0.8209,0.4740,0.8802
18,16,0.5826,0.8209,0.4700,0.8832
18,17,0.5797,0.8284,0.4662,0.8832
18,18,0.5771,0.8284,0.4627,0.8862
18,19,0.5746,0.8284,0.4594,0.8862
18,20,0.5724,0.8284,0.4564,0.8862
18,21,0.5703,0.8284,0.4536,0.8862
18,22,0.5683,0.8284,0.4509,0.8862
18,23,0.5664,0.8284,0.4484,0.8862
18,24,0.5647,0.8284,0.4460,0.8862
18,25,0.5630,0.8284,0.4438,0.8892
18,26,0.5614,0.8284,0.4417,0.8922
18,27,0.5600,0.8284,0.4396,0.8922
18,28,0.5586,0.8284,0.4377,0.8922
18,29,0.5572,0.8284,0.4359,0.8922
18,30,0.5560,0.8284,0.4341,0.8922
18,31,0.5548,0.8284,0.4324,0.8922
18,32,0.5536,0.8284,0.4308,0.8922
18,33,0.5525,0.8284,0.4293,0.8922
18,34,0.5514,0.8358,0.4278,0.8922
18,35,0.5504,0.8433,0.4263,0.8922
18,36,0.5494,0.8433,0.4249,0.8922
18,37,0.5485,0.8433,0.4236,0.8922
18,38,0.5476,0.8433,0.4223,0.8922
18,39,0.5467,0.8433,0.4211,0.8922
18,40,0.5458,0.8433,0.4199,0.8922
41,1,0.8053,0.7761,0.7434,0.7844
41,2,0.7298,0.8060,0.6521,0.8084
41,3,0.6927,0.8134,0.6075,0.8204
41,4,0.6688,0.8134,0.5788,0.8443
41,5,0.6519,0.8209,0.5581,0.8473
41,6,0.6388,0.8209,0.5422,0.8533
41,7,0.6285,0.8134,0.5293,0.8623
41,8,0.6199,0.8134,0.5187,0.8683
41,9,0.6127,0.8209,0.5096,0.8683
41,10,0.6066,0.8209,0.5018,0.8713
41,11,0.6012,0.8209,0.4950,0.8743
41,12,0.5965,0.8209,0.4889,0.8743
41,13,0.5922,0.8209,0.4835,0.8772
41,14,0.5884,0.8209,0.4786,0.8772
41,15,0.5849,0.8209,0.4741,0.8802
41,16,0.5818,0.8209,0.4700,0.8832
41,17,0.5789,0.8284,0.4663,0.8832
41,18,0.5762,0.8284,0.4628,0.8832
41,19,0.5738,0.8284,0.4595,0.8832
41,20,0.5715,0.8284,0.4565,0.8832
41,21,0.5694,0.8284,0.4537,0.8832
41,22,0.5674,0.8284,0.4510,0.8862
41,23,0.5655,0.8284,0.4485,0.8862
41,24,0.5638,0.8284,0.4462,0.8892
41,25,0.5621,0.8284,0.4439,0.8892
41,26,0.5606,0.8284,0.4418,0.8892
41,27,0.5591,0.8284,0.4398,0.8892
41,28,0.5577,0.8284,0.4379,0.8892
41,29,0.5563,0.8284,0.4360,0.8892
41,30,0.5550,0.8284,0.4343,0.8892
41,31,0.5538,0.8284,0.4326,0.8922
41,32,0.5526,0.8358,0.4310,0.8922
41,33,0.5515,0.8358,0.4294,0.8922
41,34,0.5504,0.8433,0.4279,0.8922
41,35,0.5494,0.8433,0.4265,0.8922
41,36,0.5484,0.8433,0.4251,0.8922
41,37,0.5475,0.8433,0.4238,0.8922
41,38,0.5465,0.8433,0.4225,0.8922
41,39,0.5456,0.8433,0.4212,0.8922
41,40,0.5448,0.8433,0.4200,0.8922
64,1,0.8061,0.7687,0.7448,0.7844
64,2,0.7306,0.8060,0.6535,0.8084
64,3,0.6936,0.8209,0.6090,0.8234
64,4,0.6698,0.8284,0.5804,0.8503
64,5,0.6527,0.8209,0.5596,0.8473
64,6,0.6397,0.8209,0.5437,0.8503
64,7,0.6293,0.8209,0.5308,0.8563
64,8,0.6208,0.8134,0.5202,0.8623
64,9,0.6136,0.8209,0.5111,0.8653
64,10,0.6074,0.8209,0.5033,0.8713
64,11,0.6020,0.8209,0.4964,0.8713
64,12,0.5973,0.8209,0.4903,0.8743
64,13,0.5930,0.8209,0.4849,0.8772
64,14,0.5892,0.8209,0.4800,0.8772
64,15,0.5858,0.8209,0.4755,0.8802
64,16,0.5826,0.8209,0.4714,0.8802
64,17,0.5797,0.8284,0.4676,0.8832
64,18,0.5771,0.8284,0.4641,0.8832
64,19,0.5746,0.8284,0.4609,0.8832
64,20,0.5723,0.8284,0.4578,0.8862
64,21,0.5702,0.8284,0.4550,0.8862
64,22,0.5682,0.8284,0.4523,0.8892
64,23,0.5663,0.8284,0.4498,0.8892
64,24,0.5645,0.8284,0.4474,0.8892
64,25,0.5629,0.8284,0.4452,0.8892
64,26,0.5613,0.8284,0.4430,0.8892
64,27,0.5598,0.8284,0.4410,0.8892
64,28,0.5584,0.8284,0.4391,0.8892
64,29,0.5570,0.8284,0.4372,0.8892
64,30,0.5557,0.8284,0.4355,0.8892
64,31,0.5545,0.8358,0.4338,0.8892
64,32,0.5534,0.8358,0.4321,0.8892
64,33,0.5522,0.8358,0.4306,0.8922
64,34,0.5512,0.8358,0.4291,0.8922
64,35,0.5501,0.8358,0.4276,0.8922
64,36,0.5491,0.8433,0.4262,0.8922
64,37,0.5482,0.8433,0.4249,0.8922
64,38,0.5472,0.8433,0.4236,0.8922
64,39,0.5464,0.8433,0.4223,0.8922
64,40,0.5455,0.8433,0.4211,0.8922
87,1,0.8060,0.7687,0.7457,0.7784
87,2,0.7305,0.8134,0.6544,0.8114
87,3,0.6935,0.8209,0.6100,0.8263
87,4,0.6697,0.8209,0.5813,0.8533
87,5,0.6527,0.8284,0.5606,0.8533
87,6,0.6397,0.8209,0.5447,0.8533
87,7,0.6293,0.8209,0.5319,0.8593
87,8,0.6207,0.8209,0.5212,0.8593
87,9,0.6134,0.8209,0.5122,0.8653
87,10,0.6072,0.8209,0.5043,0.8713
87,11,0.6017,0.8209,0.4975,0.8743
87,12,0.5970,0.8209,0.4914,0.8743
87,13,0.5927,0.8209,0.4860,0.8802
87,14,0.5889,0.8209,0.4811,0.8802
87,15,0.5854,0.8209,0.4766,0.8802
87,16,0.5822,0.8209,0.4725,0.8802
87,17,0.5793,0.8284,0.4687,0.8832
87,18,0.5766,0.8284,0.4652,0.8832
87,19,0.5741,0.8284,0.4620,0.8862
87,20,0.5718,0.8284,0.4589,0.8862
87,21,0.5696,0.8284,0.4561,0.8862
87,22,0.5676,0.8284,0.4534,0.8892
87,23,0.5657,0.8284,0.4509,0.8892
87,24,0.5639,0.8284,0.4485,0.8892
87,25,0.5623,0.8284,0.4463,0.8892
87,26,0.5607,0.8284,0.4441,0.8892
87,27,0.5592,0.8358,0.4421,0.8892
87,28,0.5577,0.8358,0.4402,0.8892
87,29,0.5564,0.8358,0.4383,0.8892
87,30,0.5551,0.8358,0.4366,0.8892
87,31,0.5538,0.8358,0.4349,0.8892
87,32,0.5526,0.8358,0.4332,0.8892
87,33,0.5515,0.8358,0.4317,0.8892
87,34,0.5504,0.8358,0.4302,0.8892
87,35,0.5494,0.8358,0.4287,0.8892
87,36,0.5484,0.8358,0.4273,0.8892
87,37,0.5474,0.8358,0.4260,0.8922
87,38,0.5464,0.8433,0.4247,0.8922
87,39,0.5455,0.8433,0.4235,0.8922
87,40,0.5447,0.8433,0.4223,0.8922
101,1,0.8073,0.7687,0.7469,0.7814
101,2,0.7313,0.8060,0.6557,0.8114
101,3,0.6941,0.8209,0.6112,0.8234
101,4,0.6702,0.8209,0.5826,0.8503
101,5,0.6531,0.8284,0.5619,0.8503
101,6,0.6400,0.8209,0.5459,0.8533
101,7,0.6294,0.8209,0.5330,0.8593
101,8,0.6206,0.8209,0.5223,0.8593
101,9,0.6133,0.8209,0.5132,0.8623
101,10,0.6070,0.8284,0.5054,0.8772
101,11,0.6015,0.8284,0.4985,0.8772
101,12,0.5966,0.8284,0.4924,0.8772
101,13,0.5923,0.8209,0.4869,0.8802
101,14,0.5884,0.8209,0.4820,0.8802
101,15,0.5849,0.8209,0.4774,0.8802
101,16,0.5816,0.8209,0.4733,0.8802
101,17,0.5787,0.8284,0.4695,0.8802
101,18,0.5759,0.8284,0.4660,0.8832
101,19,0.5734,0.8284,0.4627,0.8892
101,20,0.5710,0.8284,0.4597,0.8892
101,21,0.5688,0.8284,0.4568,0.8892
101,22,0.5668,0.8284,0.4541,0.8892
101,23,0.5649,0.8284,0.4516,0.8892
101,24,0.5630,0.8358,0.4492,0.8892
101,25,0.5613,0.8358,0.4469,0.8892
101,26,0.5597,0.8358,0.4448,0.8892
101,27,0.5582,0.8358,0.4427,0.8892
101,28,0.5567,0.8358,0.4408,0.8892
101,29,0.5553,0.8358,0.4389,0.8892
101,30,0.5540,0.8358,0.4372,0.8892
101,31,0.5527,0.8358,0.4355,0.8892
101,32,0.5515,0.8358,0.4338,0.8892
101,33,0.5504,0.8358,0.4323,0.8892
101,34,0.5492,0.8358,0.4308,0.8922
101,35,0.5482,0.8358,0.4293,0.8922
101,36,0.5471,0.8358,0.4279,0.8922
101,37,0.5462,0.8358,0.4266,0.8922
101,38,0.5452,0.8358,0.4253,0.8922
101,39,0.5443,0.8358,0.4240,0.8922
101,40,0.5434,0.8358,0.4228,0.8922
133,1,0.8105,0.7761,0.7517,0.7784
133,2,0.7344,0.8134,0.6606,0.8024
133,3,0.6970,0.8209,0.6161,0.8174
133,4,0.6729,0.8209,0.5875,0.8413
133,5,0.6554,0.8284,0.5668,0.8503
133,6,0.6422,0.8284,0.5509,0.8533
133,7,0.6315,0.8209,0.5380,0.8563
133,8,0.6227,0.8209,0.5273,0.8593
133,9,0.6153,0.8284,0.5182,0.8653
133,10,0.6089,0.8284,0.5104,0.8713
133,11,0.6033,0.8284,0.5035,0.8743
133,12,0.5984,0.8284,0.4973,0.8772
133,13,0.5939,0.8284,0.4918,0.8802
133,14,0.5900,0.8284,0.4869,0.8802
133,15,0.5863,0.8284,0.4823,0.8832
133,16,0.5830,0.8284,0.4782,0.8832
133,17,0.5800,0.8358,0.4744,0.8862
133,18,0.5772,0.8358,0.4708,0.8862
133,19,0.5746,0.8358,0.4676,0.8862
133,20,0.5722,0.8358,0.4645,0.8892
133,21,0.5699,0.8358,0.4616,0.8892
133,22,0.5678,0.8358,0.4589,0.8922
133,23,0.5658,0.8358,0.4564,0.8922
133,24,0.5639,0.8358,0.4540,0.8922
133,25,0.5622,0.8358,0.4517,0.8922
133,26,0.5605,0.8284,0.4496,0.8922
133,27,0.5589,0.8284,0.4475,0.8922
133,28,0.5574,0.8284,0.4455,0.8922
133,29,0.5559,0.8284,0.4437,0.8922
133,30,0.5546,0.8284,0.4419,0.8922
133,31,0.5533,0.8284,0.4402,0.8922
133,32,0.5520,0.8284,0.4385,0.8922
133,33,0.5508,0.8284,0.4369,0.8922
133,34,0.5497,0.8284,0.4354,0.8952
133,35,0.5486,0.8284,0.4340,0.8952
133,36,0.5475,0.8358,0.4326,0.8952
133,37,0.5465,0.8358,0.4312,0.8952
133,38,0.5455,0.8358,0.4299,0.8952
133,39,0.5445,0.8358,0.4286,0.8952
133,40,0.5436,0.8358,0.4274,0.8952
165,1,0.8167,0.7836,0.7597,0.7784
165,2,0.7400,0.8134,0.6686,0.8024
165,3,0.7023,0.8209,0.6242,0.8174
165,4,0.6780,0.8209,0.5956,0.8413
165,5,0.6604,0.8284,0.5748,0.8473
165,6,0.6468,0.8284,0.5588,0.8533
165,7,0.6360,0.8209,0.5459,0.8563
165,8,0.6270,0.8284,0.5353,0.8653
165,9,0.6194,0.8284,0.5262,0.8653
165,10,0.6128,0.8284,0.5183,0.8683
165,11,0.6071,0.8284,0.5114,0.8713
165,12,0.6020,0.8284,0.5053,0.8743
165,13,0.5975,0.8284,0.4998,0.8743
165,14,0.5934,0.8284,0.4948,0.8743
165,15,0.5897,0.8284,0.4903,0.8772
165,16,0.5864,0.8284,0.4861,0.8772
165,17,0.5833,0.8284,0.4823,0.8802
165,18,0.5804,0.8284,0.4788,0.8802
165,19,0.5777,0.8358,0.4755,0.8832
165,20,0.5752,0.8358,0.4724,0.8862
165,21,0.5729,0.8358,0.4695,0.8862
165,22,0.5708,0.8358,0.4668,0.8862
165,23,0.5687,0.8358,0.4642,0.8862
165,24,0.5668,0.8358,0.4618,0.8862
165,25,0.5650,0.8358,0.4595,0.8862
165,26,0.5633,0.8358,0.4574,0.8862
165,27,0.5617,0.8358,0.4553,0.8892
165,28,0.5601,0.8284,0.4533,0.8892
165,29,0.5587,0.8284,0.4514,0.8892
165,30,0.5573,0.8284,0.4496,0.8892
165,31,0.5559,0.8284,0.4479,0.8892
165,32,0.5546,0.8284,0.4463,0.8892
165,33,0.5534,0.8284,0.4447,0.8922
165,34,0.5522,0.8284,0.4432,0.8922
165,35,0.5511,0.8284,0.4417,0.8952
165,36,0.5500,0.8284,0.4403,0.8952
165,37,0.5490,0.8284,0.4389,0.8952
165,38,0.5480,0.8284,0.4376,0.8952
165,39,0.5470,0.8284,0.4363,0.8952
165,40,0.5461,0.8284,0.4351,0.8952
197,1,0.8279,0.7687,0.7723,0.7754
197,2,0.7515,0.8134,0.6821,0.8024
197,3,0.7138,0.8209,0.6378,0.8174
197,4,0.6895,0.8209,0.6092,0.8413
197,5,0.6719,0.8284,0.5886,0.8473
197,6,0.6584,0.8284,0.5726,0.8563
197,7,0.6476,0.8284,0.5597,0.8563
197,8,0.6385,0.8284,0.5489,0.8623
197,9,0.6308,0.8358,0.5398,0.8653
197,10,0.6242,0.8284,0.5318,0.8683
197,11,0.6184,0.8284,0.5249,0.8743
197,12,0.6132,0.8284,0.5187,0.8713
197,13,0.6086,0.8284,0.5132,0.8713
197,14,0.6045,0.8284,0.5081,0.8743
197,15,0.6007,0.8284,0.5036,0.8743
197,16,0.5972,0.8284,0.4994,0.8743
197,17,0.5940,0.8284,0.4955,0.8743
197,18,0.5911,0.8284,0.4919,0.8743
197,19,0.5884,0.8284,0.4886,0.8772
197,20,0.5858,0.8284,0.4855,0.8772
197,21,0.5835,0.8284,0.4826,0.8772
197,22,0.5812,0.8284,0.4798,0.8772
197,23,0.5791,0.8358,0.4772,0.8772
197,24,0.5772,0.8358,0.4748,0.8772
197,25,0.5753,0.8358,0.4725,0.8802
197,26,0.5735,0.8358,0.4703,0.8802
197,27,0.5719,0.8358,0.4682,0.8802
197,28,0.5703,0.8358,0.4662,0.8802
197,29,0.5688,0.8358,0.4643,0.8802
197,30,0.5673,0.8358,0.4625,0.8802
197,31,0.5659,0.8358,0.4607,0.8802
197,32,0.5646,0.8358,0.4590,0.8802
197,33,0.5633,0.8358,0.4574,0.8802
197,34,0.5621,0.8358,0.4559,0.8832
197,35,0.5609,0.8358,0.4544,0.8832
197,36,0.5598,0.8358,0.4529,0.8832
197,37,0.5587,0.8358,0.4515,0.8832
197,38,0.5576,0.8358,0.4502,0.8832
197,39,0.5566,0.8358,0.4489,0.8832
197,40,0.5557,0.8358,0.4476,0.8832
229,1,0.8436,0.7687,0.7929,0.7754
229,2,0.7671,0.8060,0.7027,0.7994
229,3,0.7293,0.8134,0.6585,0.8144
229,4,0.7048,0.8209,0.6300,0.8234
229,5,0.6871,0.8209,0.6093,0.8503
229,6,0.6734,0.8209,0.5932,0.8503
229,7,0.6623,0.8284,0.5803,0.8533
229,8,0.6531,0.8284,0.5694,0.8563
229,9,0.6453,0.8284,0.5602,0.8593
229,10,0.6385,0.8284,0.5522,0.8653
229,11,0.6325,0.8284,0.5451,0.8653
229,12,0.6272,0.8284,0.5389,0.8683
229,13,0.6225,0.8358,0.5332,0.8713
229,14,0.6181,0.8358,0.5281,0.8713
229,15,0.6142,0.8358,0.5234,0.8713
229,16,0.6106,0.8358,0.5191,0.8713
229,17,0.6073,0.8358,0.5151,0.8713
229,18,0.6042,0.8358,0.5115,0.8713
229,19,0.6014,0.8358,0.5080,0.8713
229,20,0.5987,0.8358,0.5048,0.8713
229,21,0.5962,0.8358,0.5018,0.8743
229,22,0.5938,0.8358,0.4990,0.8743
229,23,0.5916,0.8358,0.4964,0.8743
229,24,0.5895,0.8358,0.4938,0.8743
229,25,0.5876,0.8358,0.4914,0.8743
229,26,0.5857,0.8433,0.4892,0.8743
229,27,0.5839,0.8358,0.4870,0.8772
229,28,0.5822,0.8358,0.4850,0.8772
229,29,0.5806,0.8358,0.4830,0.8772
229,30,0.5791,0.8358,0.4811,0.8772
229,31,0.5776,0.8358,0.4793,0.8772
229,32,0.5761,0.8358,0.4776,0.8772
229,33,0.5748,0.8358,0.4759,0.8772
229,34,0.5735,0.8358,0.4743,0.8772
229,35,0.5722,0.8358,0.4728,0.8772
229,36,0.5710,0.8358,0.4713,0.8772
229,37,0.5698,0.8358,0.4698,0.8772
229,38,0.5687,0.8358,0.4684,0.8772
229,39,0.5676,0.8358,0.4671,0.8772
229,40,0.5665,0.8358,0.4658,0.8772
249,1,0.8548,0.7687,0.8073,0.7725
249,2,0.7783,0.8060,0.7175,0.8024
249,3,0.7401,0.8134,0.6736,0.8114
249,4,0.7154,0.8209,0.6452,0.8174
249,5,0.6976,0.8209,0.6247,0.8383
249,6,0.6837,0.8209,0.6089,0.8503
249,7,0.6726,0.8209,0.5960,0.8503
249,8,0.6632,0.8209,0.5852,0.8593
249,9,0.6553,0.8209,0.5761,0.8653
249,10,0.6484,0.8209,0.5681,0.8653
249,11,0.6423,0.8284,0.5611,0.8653
249,12,0.6369,0.8284,0.5549,0.8653
249,13,0.6321,0.8284,0.5493,0.8683
249,14,0.6277,0.8284,0.5442,0.8683
249,15,0.6237,0.8284,0.5395,0.8683
249,16,0.6201,0.8284,0.5353,0.8743
249,17,0.6167,0.8284,0.5313,0.8743
249,18,0.6135,0.8284,0.5276,0.8743
249,19,0.6106,0.8284,0.5242,0.8743
249,20,0.6079,0.8284,0.5210,0.8743
249,21,0.6053,0.8284,0.5180,0.8743
249,22,0.6029,0.8284,0.5152,0.8743
249,23,0.6006,0.8284,0.5125,0.8743
249,24,0.5985,0.8284,0.5100,0.8743
249,25,0.5964,0.8284,0.5076,0.8743
249,26,0.5945,0.8284,0.5053,0.8743
249,27,0.5927,0.8284,0.5031,0.8743
249,28,0.5909,0.8284,0.5011,0.8743
249,29,0.5892,0.8284,0.4991,0.8743
249,30,0.5876,0.8284,0.4972,0.8743
249,31,0.5861,0.8284,0.4954,0.8743
249,32,0.5846,0.8284,0.4936,0.8743
249,33,0.5832,0.8284,0.4919,0.8743
249,34,0.5818,0.8284,0.4903,0.8743
249,35,0.5805,0.8284,0.4887,0.8743
249,36,0.5793,0.8284,0.4872,0.8743
249,37,0.5780,0.8284,0.4858,0.8743
249,38,0.5769,0.8284,0.4844,0.8743
249,39,0.5757,0.8358,0.4830,0.8743
249,40,0.5746,0.8358,0.4817,0.8743
280,1,0.9244,0.7164,0.8859,0.7485
280,2,0.8495,0.7537,0.7974,0.7754
280,3,0.8117,0.7761,0.7538,0.7814
280,4,0.7868,0.7910,0.7255,0.7934
280,5,0.7687,0.7910,0.7050,0.7964
280,6,0.7547,0.7985,0.6891,0.8024
280,7,0.7433,0.8060,0.6762,0.8114
280,8,0.7338,0.8060,0.6654,0.8174
280,9,0.7257,0.8060,0.6561,0.8234
280,10,0.7186,0.8060,0.6481,0.8234
280,11,0.7123,0.8134,0.6410,0.8234
280,12,0.7067,0.8134,0.6347,0.8323
280,13,0.7017,0.8134,0.6289,0.8323
280,14,0.6971,0.8134,0.6237,0.8353
280,15,0.6929,0.8134,0.6190,0.8353
280,16,0.6890,0.8134,0.6146,0.8383
280,17,0.6855,0.8134,0.6106,0.8383
280,18,0.6822,0.8134,0.6068,0.8413
280,19,0.6791,0.8134,0.6033,0.8473
280,20,0.6762,0.8209,0.6000,0.8503
280,21,0.6734,0.8209,0.5969,0.8563
280,22,0.6709,0.8209,0.5940,0.8593
280,23,0.6685,0.8209,0.5912,0.8593
280,24,0.6662,0.8209,0.5886,0.8623
280,25,0.6640,0.8209,0.5861,0.8623
280,26,0.6619,0.8209,0.5838,0.8623
280,27,0.6599,0.8209,0.5815,0.8623
280,28,0.6580,0.8209,0.5794,0.8623
280,29,0.6562,0.8209,0.5773,0.8653
280,30,0.6545,0.8209,0.5753,0.8653
280,31,0.6528,0.8209,0.5734,0.8653
280,32,0.6512,0.8209,0.5716,0.8653
280,33,0.6497,0.8209,0.5698,0.8623
280,34,0.6482,0.8209,0.5681,0.8623
280,35,0.6468,0.8209,0.5665,0.8623
280,36,0.6454,0.8209,0.5649,0.8623
280,37,0.6441,0.8209,0.5634,0.8653
280,38,0.6428,0.8209,0.5619,0.8653
280,39,0.6415,0.8209,0.5605,0.8653
280,40,0.6403,0.8209,0.5591,0.8653
311,1,1.2624,0.5821,1.2660,0.5958
311,2,1.2119,0.6269,1.2063,0.6617
311,3,1.1839,0.6269,1.1739,0.6826
311,4,1.1646,0.6493,1.1517,0.6856
311,5,1.1500,0.6567,1.1351,0.6856
311,6,1.1383,0.6642,1.1218,0.6916
311,7,1.1287,0.6716,1.1107,0.6976
311,8,1.1204,0.6716,1.1012,0.6916
311,9,1.1133,0.6716,1.0930,0.7006
311,10,1.1070,0.6791,1.0857,0.7006
311,11,1.1013,0.6791,1.0792,0.7006
311,12,1.0963,0.6791,1.0733,0.7006
311,13,1.0916,0.6791,1.0680,0.7006
311,14,1.0874,0.6716,1.0630,0.7066
311,15,1.0835,0.6791,1.0585,0.7066
311,16,1.0798,0.6791,1.0543,0.7096
311,17,1.0765,0.6791,1.0504,0.7096
311,18,1.0733,0.6866,1.0467,0.7126
311,19,1.0703,0.6866,1.0432,0.7126
311,20,1.0676,0.6866,1.0399,0.7126
311,21,1.0649,0.6866,1.0368,0.7126
311,22,1.0624,0.6866,1.0339,0.7186
311,23,1.0601,0.6866,1.0311,0.7186
311,24,1.0578,0.6866,1.0285,0.7186
311,25,1.0557,0.6866,1.0260,0.7246
311,26,1.0536,0.6866,1.0236,0.7246
311,27,1.0517,0.6866,1.0212,0.7246
311,28,1.0498,0.6866,1.0190,0.7246
311,29,1.0480,0.6866,1.0169,0.7246
311,30,1.0462,0.6866,1.0148,0.7246
311,31,1.0446,0.6866,1.0128,0.7275
311,32,1.0429,0.6866,1.0109,0.7275
311,33,1.0414,0.6866,1.0091,0.7275
311,34,1.0399,0.6866,1.0073,0.7275
311,35,1.0384,0.6866,1.0056,0.7305
311,36,1.0370,0.6940,1.0039,0.7305
311,37,1.0356,0.6940,1.0023,0.7305
311,38,1.0343,0.6940,1.0007,0.7305
311,39,1.0330,0.7015,0.9992,0.7305
311,40,1.0317,0.7015,0.9977,0.7335
313,1,1.5902,0.2537,1.5735,0.2335
313,2,1.5840,0.2537,1.5681,0.2335
313,3,1.5804,0.2537,1.5651,0.2275
313,4,1.5780,0.2537,1.5629,0.2305
313,5,1.5761,0.2537,1.5613,0.2275
313,6,1.5745,0.2612,1.5600,0.2365
313,7,1.5732,0.2612,1.5589,0.2365
313,8,1.5721,0.2612,1.5580,0.2395
313,9,1.5712,0.2612,1.5572,0.2395
313,10,1.5703,0.2687,1.5564,0.2395
313,11,1.5695,0.2687,1.5558,0.2395
313,12,1.5688,0.2687,1.5552,0.2485
313,13,1.5682,0.2612,1.5547,0.2485
313,14,1.5676,0.2537,1.5542,0.2485
313,15,1.5671,0.2537,1.5537,0.2455
313,16,1.5666,0.2537,1.5533,0.2455
313,17,1.5661,0.2537,1.5529,0.2455
313,18,1.5656,0.2537,1.5525,0.2455
313,19,1.5652,0.2537,1.5521,0.2485
313,20,1.5648,0.2537,1.5518,0.2485
313,21,1.5644,0.2537,1.5515,0.2485
313,22,1.5641,0.2537,1.5512,0.2485
313,23,1.5637,0.2537,1.5509,0.2485
313,24,1.5634,0.2537,1.5506,0.2485
313,25,1.5631,0.2537,1.5503,0.2485
313,26,1.5628,0.2537,1.5501,0.2515
313,27,1.5625,0.2537,1.5498,0.2515
313,28,1.5622,0.2537,1.5496,0.2515
313,29,1.5619,0.2537,1.5494,0.2515
313,30,1.5617,0.2537,1.5491,0.2515
313,31,1.5614,0.2537,1.5489,0.2515
313,32,1.5612,0.2537,1.5487,0.2515
313,33,1.5609,0.2537,1.5485,0.2545
313,34,1.5607,0.2537,1.5483,0.2545
313,35,1.5605,0.2537,1.5482,0.2545
313,36,1.5603,0.2537,1.5480,0.2545
313,37,1.5601,0.2537,1.5478,0.2545
313,38,1.5599,0.2537,1.5476,0.2545
313,39,1.5597,0.2537,1.5475,0.2545
313,40,1.5595,0.2537,1.5473,0.2545
