300,0.326666666667
299,0.327759197324
298,0.328859060403
297,0.329966329966
296,0.331081081081
295,0.332203389831
294,0.333333333333
293,0.334470989761
292,0.335616438356
291,0.33676975945
290,0.337931034483
289,0.339100346021
288,0.340277777778
287,0.341463414634
286,0.342657342657
285,0.343635223056
284,0.34461797051
283,0.345605636612
282,0.346598273689
281,0.347595934811
280,0.348598673809
279,0.349606545282
278,0.350619604617
277,0.351637908
276,0.352661512432
275,0.353690475743
274,0.354724856605
273,0.355764714554
272,0.356810109997
271,0.357861104236
270,0.358917759479
269,0.35998013886
268,0.361048306455
267,0.362122327301
266,0.363202267412
265,0.364288193798
264,0.365380174485
263,0.366478278533
262,0.367582576057
261,0.368693138247
260,0.369810037388
259,0.37093334688
258,0.372063141261
257,0.373199496233
256,0.374342488675
255,0.375492196677
254,0.376648699555
253,0.377812077882
252,0.378982413507
251,0.380159789587
250,0.381344290606
249,0.382536002407
248,0.383735012217
247,0.384941408677
246,0.386155281866
245,0.387376723337
244,0.388605826143
243,0.389842684868
242,0.39108739566
241,0.392340056262
240,0.393600766046
239,0.39486962605
238,0.396146739005
237,0.397432209382
236,0.398726143416
235,0.400028649156
234,0.401339836496
233,0.402659817214
232,0.403988705019
231,0.405326615588
230,0.406673666607
229,0.408029977822
228,0.409395671077
227,0.410770870364
226,0.412155701869
225,0.413550294021
224,0.414954777544
223,0.416369285505
222,0.41779395337
221,0.419228919056
220,0.420674322987
219,0.422130308154
218,0.42359702017
217,0.425074607332
216,0.426563220683
215,0.428063014078
214,0.429574144247
213,0.431096770862
212,0.432631056608
211,0.434177167256
210,0.435735271732
209,0.437305542197
208,0.438888154122
207,0.440483286368
206,0.44209112127
205,0.443711844721
204,0.445345646259
203,0.446992719154
202,0.448653260508
201,0.450327471341
200,0.452015556696
199,0.453717725737
198,0.455434191852
197,0.457165172763
196,0.458910890637
195,0.460671572194
194,0.462447448833
193,0.464238756747
192,0.466045737048
191,0.467868635901
190,0.469707704651
189,0.471563199963
188,0.473435383962
187,0.475324524382
186,0.477230894714
185,0.479154774361
184,0.481096448802
183,0.483056209753
182,0.485034355346
181,0.487031190297
180,0.489047026095
179,0.491082181192
178,0.493136981192
177,0.49521175906
176,0.497306855329
175,0.499422618313
174,0.501559404335
173,0.503717577957
172,0.505897512218
171,0.508099588884
170,0.510324198703
169,0.512571741672
168,0.514842627311
167,0.517137274951
166,0.519456114023
165,0.521799584374
164,0.524168136574
163,0.526562232253
162,0.528982344439
161,0.531428957911
160,0.533902569568
159,0.536403688811
158,0.538932837934
157,0.54149055254
156,0.544077381967
155,0.546693889726
154,0.549340653967
153,0.552018267954
152,0.554727340564
151,0.557468496802
150,0.560242378342
149,0.563049644081
148,0.565890970727
147,0.5687670534
146,0.571678606265
145,0.574626363189
144,0.577611078421
143,0.621640014997
142,0.624737090231
141,0.627873516119
140,0.631050135889
139,0.634267817035
138,0.637527452195
137,0.64082996007
136,0.644176286383
135,0.647567404876
134,0.651004318359
133,0.654488059802
132,0.658019693477
131,0.661600316152
130,0.665231058343
129,0.66891308562
128,0.672647599977
127,0.676435841266
126,0.6802790887
125,0.684178662427
124,0.68813592518
123,0.692152284007
122,0.696229192091
121,0.700368150653
120,0.704570710956
119,0.708838476404
118,0.713173104756
117,0.717576310444
116,0.72204986702
115,0.726595609726
114,0.731215438196
113,0.735911319309
112,0.740685290189
111,0.745539461371
110,0.750476020135
109,0.755497234029
108,0.760605454586
107,0.765803121243
106,0.771092765495
105,0.776477015272
104,0.781958599581
103,0.787540353408
102,0.793225222914
101,0.799016270943
100,0.804916682849
99,0.810929772689
98,0.817058989789
97,0.823307925712
96,0.829680321672
95,0.866942093958
94,0.873523037811
93,0.880239644544
92,0.88709633795
91,0.890434732605
90,0.89384125559
89,0.897318203364
88,0.900867976772
87,0.904493087044
86,0.90819616221
85,0.911979953971
84,0.915847345064
83,0.91980135715
82,0.923845159291
81,0.927982077043
80,0.932215602244
79,0.936549403529
78,0.940987337671
77,0.945533461796
76,0.945806081646
75,0.946078701497
74,0.946351321347
73,0.946623941198
72,0.946896561049
71,0.96662750217
70,0.966832125928
69,0.967036749685
68,0.967241373442
67,0.9674459972
66,0.967650620957
65,0.967855244714
64,0.968059868472
63,0.968264492229
62,0.968469115986
61,0.968673739744
60,0.968878363501
59,0.969082987258
58,0.969287611015
57,0.981184586515
56,0.981328574386
55,0.981472562257
54,0.981616550128
53,0.981760537999
52,0.981904525871
51,0.982048513742
50,0.982192501613
49,0.982336489484
48,0.982480477355
47,0.98945674006
46,0.989554007391
45,0.989651274723
44,0.989748542054
43,0.989845809385
42,0.989943076716
41,0.990040344047
40,0.994083060011
39,0.994146941294
38,0.994210822578
37,0.994274703861
36,0.994338585144
35,0.996669135181
34,0.996710233629
33,0.996751332077
32,0.996792430525
31,0.998127824722
30,0.998153852541
29,0.998179880361
28,0.998944455145
27,0.998960735172
26,0.999400295901
25,0.999410376995
24,0.999420458088
23,0.999667563446
22,0.999809954888
21,0.999813730419
20,0.999893997511
19,0.999939867094
18,0.999941247623
17,0.999966822489
16,0.999981323149
15,0.999993961187
14,0.999996626543
13,0.999998921065
12,0.999999401909
11,0.999999891649
10,0.999999965978
9,0.99999999394
8,0.999999999391
7,0.999999999966
6,0.999999999999
5,1.0
1,1.0
2,1.0
3,1.0
4,1.0
