300,0.314444444444
299,0.315496098105
298,0.316554809843
297,0.317620650954
296,0.318693693694
295,0.319774011299
294,0.320861678005
293,0.321956769056
292,0.323059360731
291,0.324169530355
290,0.325287356322
289,0.326412918108
288,0.327546296296
287,0.32868757259
286,0.329836829837
285,0.330804066274
284,0.331776140967
283,0.332753105205
282,0.333735011003
281,0.334721911118
280,0.335713859062
279,0.336710909112
278,0.337713116326
277,0.338720536559
276,0.339733226473
275,0.340751243557
274,0.341774646136
273,0.342803493392
272,0.343837845376
271,0.344877763027
270,0.345923308186
269,0.346974543611
268,0.348031533002
267,0.349094341008
266,0.350163033254
265,0.351237676353
264,0.352318337929
263,0.353405086633
262,0.354497992166
261,0.355597125296
260,0.356702557879
259,0.357814362882
258,0.358932614403
257,0.360057387694
256,0.36118875918
255,0.362326806489
254,0.363471608468
253,0.364623245213
252,0.365781798089
251,0.366947349759
250,0.36811998421
249,0.369299786775
248,0.370486844166
247,0.371681244498
246,0.372883077319
245,0.374092433639
244,0.375309405961
243,0.376534088308
242,0.37776657626
241,0.379006966983
240,0.380255359259
239,0.381511853528
238,0.382776551916
237,0.384049558272
236,0.385330978205
235,0.386620919124
234,0.387919490272
233,0.389226802767
232,0.390542969643
231,0.391868105894
230,0.393202328511
229,0.39454575653
228,0.395898511073
227,0.397260715399
226,0.398632494948
225,0.400013977389
224,0.401405292671
223,0.402806573076
222,0.404217953267
221,0.405639570345
220,0.407071563903
219,0.408514076086
218,0.409967251646
217,0.411431238002
216,0.412906185303
215,0.414392246495
214,0.415889577378
213,0.417398336681
212,0.418918686127
211,0.420450790504
210,0.42199481774
209,0.423550938977
208,0.425119328648
207,0.426700164555
206,0.428293627954
205,0.429899903639
204,0.431519180025
203,0.43315164924
202,0.434797507219
201,0.436456953792
200,0.43813019279
199,0.439817432137
198,0.441518883961
197,0.443234764695
196,0.44496529519
195,0.446710700827
194,0.448471211634
193,0.450247062405
192,0.452038492829
191,0.453845747611
190,0.455669076611
189,0.457508734973
188,0.459364983274
187,0.461238087662
186,0.463128320009
185,0.465035958066
184,0.466961285622
183,0.468904592668
182,0.470866175571
181,0.472846337243
180,0.474845387333
179,0.476863642404
178,0.478901426138
177,0.480959069527
176,0.48303691109
175,0.485135297079
174,0.487254581711
173,0.489395127388
172,0.491557304943
171,0.493741493883
170,0.495948082643
169,0.498177468855
168,0.500430059614
167,0.50270627177
166,0.505006532214
165,0.507331278189
164,0.509680957601
163,0.512056029347
162,0.514456963656
161,0.516884242438
160,0.519338359653
159,0.521819821687
158,0.524329147743
157,0.526866870257
156,0.529433535314
155,0.532029703092
154,0.534655948319
153,0.53731286075
152,0.540001045658
151,0.54272112435
150,0.545473734703
149,0.548259531715
148,0.551079188091
147,0.553933394836
146,0.556822861891
145,0.559748318779
144,0.562710515288
143,0.605779418716
142,0.608872293615
141,0.612004286324
140,0.61517623508
139,0.618389002246
138,0.621643475178
137,0.62494056714
136,0.628281218259
135,0.631666396515
134,0.635097098786
133,0.638574351928
132,0.642099213915
131,0.645672775027
130,0.64929615909
129,0.652970524777
128,0.656697066969
127,0.660477018183
126,0.664311650062
125,0.668202274941
124,0.672150247491
123,0.676156966435
122,0.680223876356
121,0.684352469593
120,0.688544288228
119,0.69280092618
118,0.697124031396
117,0.701515308166
116,0.705976519548
115,0.710509489921
114,0.715116107682
113,0.719798328069
112,0.724558176154
111,0.729397749983
110,0.734319223893
109,0.739324852016
108,0.744416971969
107,0.749598008756
106,0.754870478891
105,0.760236994756
104,0.765700269208
103,0.771263120459
102,0.776928477238
101,0.782699384264
100,0.788579008043
99,0.794570643024
98,0.80067771812
97,0.806903803644
96,0.813252618673
95,0.851659793987
94,0.858231298605
93,0.864937663366
92,0.871783285883
91,0.875109753409
90,0.87850346448
89,0.881966685732
88,0.885501786832
87,0.889111246395
86,0.89279765832
85,0.896563738573
84,0.900412332452
83,0.904346422376
82,0.908369136251
81,0.912483756444
80,0.916693729442
79,0.921002676238
78,0.925414403517
77,0.929932915713
76,0.930288914385
75,0.930644913058
74,0.93100091173
73,0.931356910402
72,0.931712909075
71,0.953524757065
70,0.95381981356
69,0.954114870055
68,0.95440992655
67,0.954704983045
66,0.95500003954
65,0.955295096036
64,0.955590152531
63,0.955885209026
62,0.956180265521
61,0.956475322016
60,0.956770378511
59,0.957065435006
58,0.957360491501
57,0.971346607844
56,0.971581144657
55,0.97181568147
54,0.972050218283
53,0.972284755096
52,0.972519291909
51,0.972753828722
50,0.972988365535
49,0.973222902348
48,0.973457439161
47,0.982192785175
46,0.982376738329
45,0.982560691483
44,0.982744644638
43,0.982928597792
42,0.983112550947
41,0.983296504101
40,0.988695763618
39,0.988840863616
38,0.991095330672
37,0.991186381292
36,0.991277431912
35,0.994550731792
34,0.994613404641
33,0.99467607749
32,0.994738750338
31,0.996731634828
30,0.996774262914
29,0.996816890999
28,0.998029165721
27,0.998057968878
26,0.998798179863
25,0.998853668488
24,0.998871692237
23,0.999313397928
22,0.999583395397
21,0.999591026368
20,0.999752813253
19,0.999851493227
18,0.999854629792
17,0.999912829756
16,0.999947877842
15,0.999981022372
14,0.999988733072
13,0.999995937891
12,0.999997605463
11,0.999999480888
10,0.99999981599
9,0.999999960725
8,0.999999994974
7,0.999999999616
6,0.999999999989
5,1.0
4,1.0
1,1.0
2,1.0
3,1.0
