300,0.594444444444
295,0.598870056497
290,0.603448275862
285,0.607426491637
280,0.60844988345
275,0.60951048951
270,0.610610377277
265,0.611751770242
260,0.612937062937
255,0.614168837698
250,0.61544988345
245,0.616783216783
240,0.618172105672
235,0.619620096216
230,0.62113104287
225,0.622709142709
220,0.624358974359
215,0.626085542365
210,0.627894327894
205,0.629791346865
200,0.631783216783
195,0.633877233877
190,0.636081462397
185,0.638404838405
180,0.640857290857
175,0.64344988345
170,0.646194981489
165,0.649106449106
160,0.65219988345
155,0.655492894203
150,0.659005439005
145,0.662760228277
140,0.666783216783
135,0.671104204438
130,0.675757575758
125,0.680783216783
120,0.686227661228
115,0.692145535624
110,0.698601398601
105,0.705672105672
100,0.71344988345
95,0.722046374678
90,0.731598031598
85,0.742273412862
80,0.754283216783
5,0.762237762238
10,0.762237762238
15,0.762237762238
20,0.762237762238
25,0.762237762238
30,0.762237762238
35,0.762237762238
40,0.762237762238
45,0.762237762238
50,0.762237762238
55,0.762237762238
60,0.762237762238
65,0.762237762238
70,0.762237762238
75,0.762237762238
