300,0.608888888889
299,0.609810479376
298,0.610738255034
297,0.611672278339
296,0.612612612613
295,0.613559322034
294,0.614512471655
293,0.615472127418
292,0.616438356164
291,0.617411225659
290,0.618390804598
289,0.61937716263
288,0.62037037037
287,0.621370499419
286,0.622377622378
285,0.62286379687
284,0.623351584114
283,0.623841001206
282,0.624332065486
281,0.624824794537
280,0.625319206198
279,0.625815318562
278,0.62631314998
277,0.62681271907
276,0.627314044722
275,0.627817146096
274,0.628322042635
273,0.628828754067
272,0.629337300409
271,0.629847701972
270,0.630359979371
269,0.630874153526
268,0.63139024567
267,0.631908277352
266,0.632428270447
265,0.63295024716
264,0.633474230032
263,0.634000241946
262,0.634528306137
261,0.635058446193
260,0.635590686067
259,0.636125050082
258,0.636661562935
257,0.637200249712
256,0.637741135887
255,0.638284247337
254,0.638829610343
253,0.639377251604
252,0.639927198243
251,0.640479477813
250,0.64103411831
249,0.641591148178
248,0.642150596321
247,0.642712492112
246,0.643276865399
245,0.643843746519
244,0.644413166306
243,0.644985156101
242,0.645559747765
241,0.646136973686
240,0.646716866791
239,0.647299460561
238,0.647884789037
237,0.648472886835
236,0.649063789159
235,0.649657531812
234,0.650254151208
233,0.650853684386
232,0.651456169025
231,0.652061643455
230,0.652670146674
229,0.65328171836
228,0.653896398887
227,0.654514229342
226,0.655135251538
225,0.655759508032
224,0.656387042139
223,0.657017897954
222,0.657652120364
221,0.65828975507
220,0.658930848603
219,0.659575448344
218,0.660223602543
217,0.660875360342
216,0.661530771789
215,0.662189887866
214,0.662852760507
213,0.663519442621
212,0.664189988116
211,0.664864451922
210,0.665542890014
209,0.666225359439
208,0.666911918342
207,0.667602625991
206,0.668297542804
205,0.668996730379
204,0.669700251521
203,0.670408170272
202,0.671120551945
201,0.671837463149
200,0.672558971828
199,0.673285147291
198,0.674016060245
197,0.674751782836
196,0.675492388681
195,0.676237952907
194,0.676988552189
193,0.677744264792
192,0.678505170614
191,0.679271351221
190,0.680042889901
189,0.680819871701
188,0.681602383481
187,0.682390513957
186,0.683184353753
185,0.683983995452
184,0.68478953365
183,0.685601065012
182,0.686418688326
181,0.687242504563
180,0.68807261694
179,0.688909130977
178,0.689752154568
177,0.690601798044
176,0.691458174245
175,0.692321398588
174,0.693191589145
173,0.694068866717
172,0.694953354915
171,0.695845180242
170,0.696744472175
169,0.697651363258
168,0.698565989191
167,0.699488488923
166,0.700419004751
165,0.701357682423
164,0.70230467124
163,0.703260124168
162,0.704224197951
161,0.705197053225
160,0.706178854643
159,0.707169771001
158,0.708169975366
157,0.709179645218
156,0.710198962583
155,0.711228114189
154,0.712267291611
153,0.713316691434
152,0.714376515417
151,0.715446970661
150,0.716528269792
149,0.717620631142
148,0.718724278947
147,0.719839443542
146,0.720966361574
145,0.722105276216
144,0.723256437399
143,0.761194516439
142,0.762282829658
141,0.763384182147
140,0.764498853319
139,0.765627130627
138,0.766769309858
137,0.767925695431
136,0.769096600724
135,0.770282348396
134,0.771483270739
133,0.772699710039
132,0.773932018954
131,0.775180560911
130,0.776445710519
129,0.777727854
128,0.779027389651
127,0.780344728308
126,0.781680293854
125,0.783034523733
124,0.784407869503
123,0.785800797404
122,0.787213788964
121,0.788647341629
120,0.790101969427
119,0.791578203664
118,0.793076593656
117,0.794597707499
116,0.796142132879
115,0.797710477923
114,0.799303372096
113,0.800921467144
112,0.802565438092
111,0.804235984288
110,0.805933830511
109,0.807659728139
108,0.809414456376
107,0.811198823558
106,0.813013668522
105,0.814859862063
104,0.816738308467
103,0.818649947137
102,0.820595754316
101,0.822576744911
100,0.824593974424
99,0.826648541004
98,0.828741587622
97,0.830874304383
96,0.833047930979
95,0.851350785327
94,0.853524457757
93,0.855743083568
92,0.858008128631
91,0.860321123251
90,0.862683665747
89,0.865097426271
88,0.867564150893
87,0.870085665962
86,0.872663882771
85,0.875300802558
84,0.87799852186
83,0.880759238248
82,0.883585256493
81,0.886478995184
80,0.889442993837
79,0.892479920551
78,0.895592580252
77,0.898783923577
76,0.89972590928
75,0.900667894983
74,0.901609880686
73,0.902551866389
72,0.903493852092
71,0.910371254187
70,0.911266421727
69,0.912161589266
68,0.913056756806
67,0.913951924346
66,0.914847091885
65,0.915742259425
64,0.916637426965
63,0.917532594504
62,0.918427762044
61,0.919322929583
60,0.920218097123
59,0.921113264663
58,0.922008432202
57,0.924988357694
56,0.92586200787
55,0.926735658047
54,0.927609308223
53,0.928482958399
52,0.929356608575
51,0.930230258752
50,0.931103908928
49,0.931977559104
48,0.932851209281
47,0.934434025155
46,0.935298588575
45,0.936163151996
44,0.937027715416
43,0.937892278836
42,0.938756842256
41,0.939621405677
40,0.940724631492
39,0.94158554621
38,0.975309165466
37,0.97577978678
36,0.976250408095
35,0.976801091775
34,0.977270296237
33,0.977739500699
32,0.978208705161
31,0.978704578489
30,0.979173245744
29,0.979641912999
28,0.980119474112
27,0.980587941293
26,0.981059401011
25,0.993364329185
24,0.993555969377
23,0.993748579083
22,0.993940520824
21,0.994132124716
20,0.994323835663
19,0.998173262961
18,0.998242935834
17,0.998312620167
16,0.998382296391
15,0.999506554265
14,0.999530306303
13,0.999554058257
12,0.999869310621
11,0.999962590773
10,0.99996506411
9,0.999990279303
8,0.999997348901
7,0.999999793037
6,0.999999946221
5,0.999999998877
4,0.999999999994
3,1.0
1,1.0
2,1.0
