300,0.311111111111
299,0.312151616499
298,0.313199105145
297,0.314253647587
296,0.315315315315
295,0.316384180791
294,0.31746031746
293,0.318543799772
292,0.319634703196
291,0.320733104238
290,0.32183908046
289,0.322952710496
288,0.324074074074
287,0.325203252033
286,0.32634032634
285,0.327308232525
284,0.328281005764
283,0.329258697653
282,0.330241360515
281,0.331229047424
280,0.332221812207
279,0.333219709466
278,0.334222794587
277,0.335231123756
276,0.336244753974
275,0.337263743071
274,0.338288149719
273,0.339318033453
272,0.340353454683
271,0.341394474707
270,0.342441155736
269,0.343493560903
268,0.344551754285
267,0.345615800917
266,0.346685766813
265,0.347761718985
264,0.348843725457
263,0.349931855292
262,0.351026178602
261,0.352126766578
260,0.353233691505
259,0.354347026782
258,0.35546684695
257,0.356593227707
256,0.357726245935
255,0.358865979723
254,0.360012508387
253,0.3611659125
252,0.362326273911
251,0.363493675777
250,0.364668202582
249,0.365849940169
248,0.367038975765
247,0.36823539801
246,0.369439296985
245,0.370650764243
244,0.371869892834
243,0.373096777345
242,0.374331513923
241,0.37557420031
240,0.376824935881
239,0.37808382167
238,0.379350960412
237,0.380626456574
236,0.381910416395
235,0.383202947921
234,0.384504161046
233,0.38581416755
232,0.387133081141
231,0.388461017495
230,0.389798094301
229,0.391144431302
228,0.392500150343
227,0.393865375416
226,0.395240232707
225,0.396624850645
224,0.398019359954
223,0.399423893701
222,0.400838587351
221,0.402263578823
220,0.40369900854
219,0.405145019493
218,0.406601757295
217,0.408069370242
216,0.40954800938
215,0.411037828561
214,0.412538984515
213,0.414051636916
212,0.415575948448
211,0.417112084882
210,0.418660215144
209,0.420220511395
208,0.421793149106
207,0.423378307138
206,0.424976167826
205,0.426586917063
204,0.428210744386
203,0.429847843068
202,0.431498410207
201,0.433162646826
200,0.434840757967
199,0.436532952794
198,0.438239444695
197,0.439960451392
196,0.441696195051
195,0.443446902395
194,0.44521280482
193,0.446994138519
192,0.448791144607
191,0.450604069246
190,0.452433163781
189,0.454278684879
188,0.456140894664
187,0.45802006087
186,0.459916456988
185,0.461830362421
184,0.463762062647
183,0.465711849385
182,0.467680020763
181,0.4696668815
180,0.471672743085
179,0.473697923967
178,0.475742749753
177,0.477807553407
176,0.479892675462
175,0.481998464232
174,0.48412527604
173,0.486273475448
172,0.488443435495
171,0.490635537947
170,0.492850173552
169,0.495087742306
168,0.497348653732
167,0.499633327157
166,0.501942192015
165,0.504275688151
164,0.506634266138
163,0.509018387603
162,0.511428525575
161,0.513865164833
160,0.516328802276
159,0.518819947304
158,0.521339122213
157,0.523886862605
156,0.526463717818
155,0.529070251363
154,0.53170704139
153,0.534374681163
152,0.537073779559
151,0.539804961583
150,0.542568868909
149,0.545366160434
148,0.548197512866
147,0.551063621325
146,0.553965199976
145,0.556902982685
144,0.559877723703
143,0.602470373449
142,0.605583316752
141,0.608735610707
140,0.611928098545
139,0.615161647759
138,0.618437150987
137,0.62175552693
136,0.625117721311
135,0.628524707872
134,0.631977489423
133,0.635477098934
132,0.639024600676
131,0.642621091419
130,0.646267701678
129,0.649965597023
128,0.653715979448
127,0.657520088805
126,0.661379204307
125,0.665294646102
124,0.669267776922
123,0.673300003817
122,0.677392779969
121,0.681547606599
120,0.68576603497
119,0.690049668486
118,0.694400164905
117,0.698819238661
116,0.703308663306
115,0.70787027408
114,0.712505970617
113,0.717217719798
112,0.722007558746
111,0.726877597996
110,0.731830024827
109,0.73686710679
108,0.741991195414
107,0.747204730139
106,0.752510242459
105,0.757910360304
104,0.763407812681
103,0.769005434576
102,0.77470617215
101,0.780513088246
100,0.78642936822
99,0.792458326128
98,0.798603411296
97,0.804868215287
96,0.811256479315
95,0.850054342883
94,0.856673557032
93,0.863428434063
92,0.870323397765
91,0.873700062718
90,0.877144855999
89,0.880660074071
88,0.884248117776
87,0.887911498345
86,0.891652843808
85,0.895474905866
84,0.899380567256
83,0.903372849639
82,0.907454922077
81,0.911630110127
80,0.915901905625
79,0.920273977207
78,0.924750181646
77,0.929334576068
76,0.929645466215
75,0.929956356363
74,0.930267246511
73,0.930578136658
72,0.930889026806
71,0.953399937431
70,0.953653577411
69,0.953907217392
68,0.954160857373
67,0.954414497353
66,0.954668137334
65,0.954921777315
64,0.955175417295
63,0.955429057276
62,0.955682697257
61,0.955936337237
60,0.956189977218
59,0.956443617198
58,0.956697257179
57,0.971447175878
56,0.97164117499
55,0.971835174101
54,0.972029173212
53,0.972223172323
52,0.972417171434
51,0.972611170545
50,0.972805169656
49,0.972999168767
48,0.973193167878
47,0.982600089809
46,0.982742536709
45,0.982884983609
44,0.983027430508
43,0.983169877408
42,0.983312324308
41,0.983454771207
40,0.989382255661
39,0.989483944153
38,0.989585632645
37,0.989687321137
36,0.989789009629
35,0.993503128464
34,0.993574239297
33,0.993645350131
32,0.993716460965
31,0.996030080527
30,0.996079031385
29,0.996127982243
28,0.997567525419
27,0.997600805917
26,0.998499379357
25,0.998521779692
24,0.998544180027
23,0.999094248522
22,0.999438157035
21,0.999448068759
20,0.999659014138
19,0.999789927489
18,0.999794209435
17,0.999873729857
16,0.999922736801
15,0.999970551899
14,0.999982103485
13,0.999993244413
12,0.999995922432
11,0.999999052997
10,0.999999648322
9,0.999999919543
8,0.999999988706
7,0.999999999031
6,0.999999999969
5,1.0
4,1.0
1,1.0
2,1.0
3,1.0
