300,0.522666666667
299,0.523076923077
298,0.523489932886
297,0.523905723906
296,0.524324324324
295,0.524745762712
294,0.525170068027
293,0.525597269625
292,0.52602739726
291,0.5264604811
290,0.526896551724
289,0.527335640138
288,0.527777777778
287,0.528222996516
286,0.528671328671
285,0.528939316995
284,0.52920796194
283,0.529477270465
282,0.529747249631
281,0.530017906598
280,0.530289248626
279,0.530561283083
278,0.530834017441
277,0.531107459281
276,0.531381616291
275,0.531656496274
274,0.531932107146
273,0.532208456938
272,0.532485553801
271,0.532763406004
270,0.53304202194
269,0.533321410127
268,0.533601579209
267,0.53388253796
266,0.534164295287
265,0.53444686023
264,0.534730241965
263,0.535014449811
262,0.535299493227
261,0.535585381816
260,0.535872125332
259,0.536159733676
258,0.536448216904
257,0.536737585229
256,0.537027849025
255,0.537319018824
254,0.537611105329
253,0.537904119409
252,0.538198072107
251,0.538492974641
250,0.53878883841
249,0.539085674994
248,0.539383496162
247,0.539682313872
246,0.539982140277
245,0.540282987728
244,0.540584868779
243,0.540887796191
242,0.541191782935
241,0.541496842197
240,0.541802987385
239,0.54211023213
238,0.54241859029
237,0.54272807596
236,0.543038703473
235,0.543350487405
234,0.543663442583
233,0.543977584086
232,0.544292927256
231,0.544609487697
230,0.544927281288
229,0.545246324184
228,0.545566632823
227,0.545888223932
226,0.546211114535
225,0.54653532196
224,0.546860863842
223,0.547187758133
222,0.547516023109
221,0.547845677377
220,0.548176739882
219,0.548509229914
218,0.548843167119
217,0.549178571504
216,0.549515463445
215,0.5498538637
214,0.550193793413
213,0.550535274126
212,0.550878327787
211,0.55122297676
210,0.551569243836
209,0.55191715224
208,0.552266725646
207,0.552617988183
206,0.552970964452
205,0.553325679532
204,0.553682158991
203,0.554040428907
202,0.554400515869
201,0.554762446997
200,0.555126249954
199,0.555491952959
198,0.5558595848
197,0.55622917485
196,0.556600753082
195,0.556974350083
194,0.557349997072
193,0.557727725912
192,0.558107569135
191,0.558489559948
190,0.558873732263
189,0.559260120706
188,0.55964876064
187,0.560039688186
186,0.56043294024
185,0.560828554499
184,0.561226569475
183,0.561627024524
182,0.562029959868
181,0.562435416617
180,0.562843436794
179,0.563254063362
178,0.563667340247
177,0.564083312372
176,0.564502025677
175,0.564923527155
174,0.565347864877
173,0.565775088026
172,0.566205246931
171,0.566638393094
170,0.567074579234
169,0.567513859313
168,0.567956288581
167,0.568401923609
166,0.568850822335
165,0.569303044096
164,0.569758649681
163,0.570217701368
162,0.570680262975
161,0.571146399903
160,0.57161617919
159,0.572089669559
158,0.572566941474
157,0.573048067195
156,0.573533120831
155,0.574022178409
154,0.574515317926
153,0.57501261942
152,0.575514165037
151,0.576020039096
150,0.576530328165
149,0.577045121139
148,0.577564509312
147,0.578088586463
146,0.578617448943
145,0.579151195757
144,0.579689928662
143,0.605222749279
142,0.605768105076
141,0.60631876972
140,0.60687485697
139,0.607436483861
138,0.60800377082
137,0.608576841791
136,0.609155824362
135,0.609740849901
134,0.610332053699
133,0.610929575116
132,0.611533557733
131,0.612144149516
130,0.612761502986
129,0.613385775391
128,0.614017128893
127,0.614655730762
126,0.615301753579
125,0.615955375445
124,0.61661678021
123,0.6172861577
122,0.617963703965
121,0.618649621537
120,0.619344119699
119,0.620047414768
118,0.620759730395
117,0.621481297875
116,0.622212356481
115,0.622953153808
114,0.623703946137
113,0.624464998823
112,0.625236586696
111,0.626018994491
110,0.626812517298
109,0.627617461033
108,0.628434142945
107,0.629262892142
106,0.630104050151
105,0.630957971508
104,0.631825024388
103,0.632705591262
102,0.633600069601
101,0.634508872616
100,0.635432430048
99,0.636371188999
98,0.637325614824
97,0.638296192064
96,0.639283425451
95,0.656582521718
94,0.657559205333
93,0.658554191397
92,0.659568076727
91,0.660601484377
90,0.66165506509
89,0.662729498858
88,0.66382549658
87,0.664943801841
86,0.666085192811
85,0.667250484279
84,0.668440529835
83,0.669656224204
82,0.670898505759
81,0.672168359209
80,0.673466818501
79,0.674794969932
78,0.676153955508
77,0.677544976559
76,0.678319837472
75,0.679094698386
74,0.6798695593
73,0.680644420214
72,0.681419281127
71,0.691154141615
70,0.691885372347
69,0.692616603078
68,0.69334783381
67,0.694079064542
66,0.694810295274
65,0.695541526006
64,0.696272756738
63,0.697003987469
62,0.697735218201
61,0.698466448933
60,0.699197679665
59,0.699928910397
58,0.700660141129
57,0.706074812959
56,0.706774222551
55,0.707473632143
54,0.708173041735
53,0.708872451327
52,0.709571860918
51,0.71027127051
50,0.710970680102
49,0.711670089694
48,0.712369499286
47,0.715446473066
46,0.716125183781
45,0.716803894496
44,0.717482605212
43,0.718161315927
42,0.718840026642
41,0.719518737358
40,0.721390657229
39,0.722056728308
38,0.747722798675
37,0.748397301457
36,0.749071804239
35,0.750342416812
34,0.751009505001
33,0.751676593189
32,0.752343681377
31,0.753306678434
30,0.753969536296
29,0.754632394158
28,0.755442124959
27,0.756102617931
26,0.756836434567
25,0.774270553734
24,0.774771732799
23,0.775308513989
22,0.775826825592
21,0.776326916151
20,0.776835704495
19,0.786917815195
18,0.787255367176
17,0.787594994733
16,0.787933509795
15,0.793418675952
14,0.793632441581
13,0.793846169734
12,0.796731639359
11,0.798289797233
10,0.798366525391
9,0.799161552547
8,0.799575331831
7,0.799887450726
6,0.799944821314
5,0.799992688015
4,0.79999951567
3,0.799999991876
2,0.799999999999
1,0.8
