300,0.604444444444
295,0.609039548023
290,0.613793103448
285,0.617936449515
280,0.619064269064
275,0.620233100233
270,0.621445221445
265,0.62270308308
260,0.624009324009
255,0.625366790073
250,0.626778554779
245,0.628247942534
240,0.629778554779
235,0.631374299459
230,0.633039424344
225,0.634778554779
220,0.636596736597
215,0.638499485011
210,0.640492840493
205,0.642583432827
200,0.644778554779
195,0.647086247086
190,0.649515396884
185,0.652075852076
180,0.654778554779
175,0.657635697636
170,0.66066090772
165,0.663869463869
160,0.667278554779
155,0.670907587037
150,0.674778554779
145,0.678916485813
140,0.68334998335
135,0.688111888112
130,0.69324009324
125,0.698778554779
120,0.704778554779
115,0.711300293909
110,0.718414918415
105,0.726207126207
100,0.734778554779
95,0.744252238989
90,0.754778554779
85,0.766543260661
80,0.779778554779
5,0.788544788545
10,0.788544788545
15,0.788544788545
20,0.788544788545
25,0.788544788545
30,0.788544788545
35,0.788544788545
40,0.788544788545
45,0.788544788545
50,0.788544788545
55,0.788544788545
60,0.788544788545
65,0.788544788545
70,0.788544788545
75,0.788544788545
