300,0.598888888889
295,0.603389830508
290,0.608045977011
285,0.612113033166
280,0.613261738262
275,0.614452214452
270,0.615686782353
265,0.616967937723
260,0.618298368298
255,0.619680972622
250,0.621118881119
245,0.622615479758
240,0.624174436674
235,0.625799732183
230,0.627495692713
225,0.629267029267
220,0.631118881119
215,0.633056865615
210,0.635087135087
205,0.637216442094
200,0.639452214452
195,0.641802641803
190,0.644276775856
185,0.646884646885
180,0.649637399637
175,0.652547452547
170,0.65562868504
165,0.658896658897
160,0.662368881119
155,0.666065117678
150,0.670007770008
145,0.674222329395
140,0.678737928738
135,0.683588016921
130,0.688811188811
125,0.694452214452
120,0.700563325563
115,0.707205837641
110,0.714452214452
105,0.722388722389
100,0.731118881119
95,0.740768003926
90,0.751489251489
85,0.763471822295
80,0.776952214452
5,0.785880785881
10,0.785880785881
15,0.785880785881
20,0.785880785881
25,0.785880785881
30,0.785880785881
35,0.785880785881
40,0.785880785881
45,0.785880785881
50,0.785880785881
55,0.785880785881
60,0.785880785881
65,0.785880785881
70,0.785880785881
75,0.785880785881
