300,0.323333333333
299,0.324414715719
298,0.325503355705
297,0.326599326599
296,0.327702702703
295,0.328813559322
294,0.329931972789
293,0.331058020478
292,0.332191780822
291,0.333333333333
290,0.334482758621
289,0.335640138408
288,0.336805555556
287,0.337979094077
286,0.339160839161
285,0.340137052441
284,0.341118132776
283,0.342104131759
282,0.343095101718
281,0.344091095722
280,0.345092167601
279,0.346098371955
278,0.347109764171
277,0.348126400436
276,0.349148337749
275,0.350175633941
274,0.351208347685
273,0.352246538515
272,0.353290266839
271,0.354339593959
270,0.355394582084
269,0.356455294346
268,0.357521794823
267,0.358594148551
266,0.359672421543
265,0.36075668081
264,0.361846994378
263,0.362943431308
262,0.364046061713
261,0.365154956785
260,0.366270188807
259,0.36739183118
258,0.368519958443
257,0.369654646296
256,0.370795971619
255,0.371944012502
254,0.373098848262
253,0.37426055947
252,0.375429227977
251,0.376604936938
250,0.377787770838
249,0.378977815521
248,0.380175158212
247,0.381379887553
246,0.382592093624
245,0.383811867977
244,0.385039303664
243,0.38627449527
242,0.387517538943
241,0.388768532426
240,0.390027575092
239,0.391294767977
238,0.392570213814
237,0.393854017072
236,0.395146283988
235,0.396447122609
234,0.39775664283
233,0.39907495643
232,0.400402177116
231,0.401738420566
230,0.403083804467
229,0.404438448563
228,0.4058024747
227,0.407176006868
226,0.408559171254
225,0.409952096288
224,0.411354912692
223,0.412767753535
222,0.414190754281
221,0.415624052848
220,0.417067789661
219,0.418522107709
218,0.419987152606
217,0.421463072649
216,0.422950018882
215,0.424448145158
214,0.425957608208
213,0.427478567704
212,0.429011186332
211,0.430555629861
210,0.432112067219
209,0.433680670565
208,0.435261615371
207,0.436855080499
206,0.438461248282
205,0.440080304615
204,0.441712439034
203,0.443357844811
202,0.445016719046
201,0.44668926276
200,0.448375680997
199,0.450076182918
198,0.451790981915
197,0.453520295708
196,0.455264346462
195,0.457023360901
194,0.458797570422
193,0.460587211217
192,0.4623925244
191,0.464213756134
190,0.466051157765
189,0.467904985958
188,0.469775502839
187,0.47166297614
186,0.473567679353
185,0.475489891882
184,0.477429899204
183,0.479387993037
182,0.481364471511
181,0.483359639343
180,0.485373808023
179,0.487407296
178,0.489460428882
177,0.491533539632
176,0.493626968782
175,0.495741064647
174,0.497876183551
173,0.500032690054
172,0.502210957197
171,0.504411366744
170,0.506634309444
169,0.508880185295
168,0.511149403815
167,0.513442384336
166,0.51575955629
165,0.518101359521
164,0.520468244603
163,0.522860673164
162,0.525279118231
161,0.527724064585
160,0.530196009123
159,0.532695461247
158,0.535222943251
157,0.537778990739
156,0.540364153047
155,0.542978993687
154,0.54562409081
153,0.548300037678
152,0.55100744317
151,0.553746932289
150,0.55651914671
149,0.559324745331
148,0.562164404858
147,0.565038820413
146,0.567948706159
145,0.570894795964
144,0.573877844077
143,0.617666715569
142,0.620767894779
141,0.623908424642
140,0.627089148388
139,0.630310933509
138,0.633574672645
137,0.636881284496
136,0.640231714784
135,0.643626937253
134,0.647067954712
133,0.65055580013
132,0.654091537781
131,0.657676264431
130,0.661311110598
129,0.66499724185
128,0.668735860183
127,0.672528205448
126,0.676375556858
125,0.68027923456
124,0.684240601288
123,0.688261064091
122,0.69234207615
121,0.696485138688
120,0.700691802967
119,0.70496367239
118,0.709302404717
117,0.713709714381
116,0.718187374933
115,0.722737221615
114,0.72736115406
113,0.732061139149
112,0.736839214005
111,0.741697489162
110,0.746638151901
109,0.751663469771
108,0.756775794303
107,0.761977564936
106,0.767271313164
105,0.772659666917
104,0.778145355201
103,0.783731213003
102,0.789420186485
101,0.795215338489
100,0.801119854371
99,0.807137048187
98,0.813270369262
97,0.819523409161
96,0.825899909096
95,0.863558532994
94,0.870148086712
93,0.876873303312
92,0.883738606583
91,0.887085611105
90,0.890500743955
89,0.893986301595
88,0.89754468487
87,0.901178405008
86,0.904890090039
85,0.908682491667
84,0.912558492625
83,0.916521114577
82,0.920573526584
81,0.924719054203
80,0.928961189269
79,0.93330360042
78,0.937750144429
77,0.942304878419
76,0.942586108135
75,0.942867337852
74,0.943148567569
73,0.943429797285
72,0.943711027002
71,0.964067076324
70,0.964282095781
69,0.964497115237
68,0.964712134694
67,0.964927154151
66,0.965142173608
65,0.965357193065
64,0.965572212522
63,0.965787231979
62,0.966002251436
61,0.966217270893
60,0.96643229035
59,0.966647309807
58,0.966862329264
57,0.979364282235
56,0.979518404573
55,0.979672526911
54,0.97982664925
53,0.979980771588
52,0.980134893926
51,0.980289016264
50,0.980443138602
49,0.98059726094
48,0.980751383278
47,0.988219957779
46,0.988326011192
45,0.988432064605
44,0.988538118018
43,0.988644171431
42,0.988750224844
41,0.988856278257
40,0.993265282036
39,0.993336231522
38,0.993407181008
37,0.993478130494
36,0.99354907998
35,0.996138133755
34,0.996184630121
33,0.996231126488
32,0.996277622854
31,0.997788836054
30,0.997818831087
29,0.997848826121
28,0.998730148729
27,0.998749259784
26,0.999265258265
25,0.99927731293
24,0.999289367596
23,0.999584963624
22,0.999758403666
21,0.999763088147
20,0.99986270203
19,0.999920677256
18,0.999922454574
17,0.999955397504
16,0.999974423743
15,0.999991423522
14,0.99999511875
13,0.999998380464
12,0.999999085166
11,0.999999824894
10,0.999999942937
9,0.999999989257
8,0.999999998837
7,0.999999999928
6,0.999999999999
5,1.0
1,1.0
2,1.0
3,1.0
4,1.0
