0,1,0.3290,0.8950,0.4740,0.7850
0,2,0.2885,0.9200,0.4541,0.7917
0,3,0.2673,0.9250,0.4443,0.7883
0,4,0.2533,0.9300,0.4379,0.7850
0,5,0.2430,0.9350,0.4332,0.7833
0,6,0.2350,0.9400,0.4296,0.7850
0,7,0.2284,0.9400,0.4266,0.7867
0,8,0.2228,0.9400,0.4241,0.7850
0,9,0.2180,0.9450,0.4220,0.7833
0,10,0.2138,0.9450,0.4201,0.7850
0,11,0.2100,0.9450,0.4184,0.7867
0,12,0.2067,0.9450,0.4170,0.7867
0,13,0.2036,0.9450,0.4156,0.7867
0,14,0.2008,0.9450,0.4144,0.7850
0,15,0.1983,0.9450,0.4133,0.7883
0,16,0.1959,0.9450,0.4123,0.7867
0,1,0.3326,0.8900,0.4765,0.7833
0,2,0.2914,0.9150,0.4563,0.7900
0,3,0.2699,0.9250,0.4462,0.7900
0,4,0.2557,0.9300,0.4397,0.7883
0,5,0.2453,0.9350,0.4349,0.7850
0,6,0.2372,0.9350,0.4312,0.7850
0,7,0.2305,0.9400,0.4281,0.7867
0,8,0.2249,0.9400,0.4256,0.7867
0,9,0.2200,0.9450,0.4234,0.7833
0,10,0.2157,0.9450,0.4215,0.7833
0,11,0.2120,0.9450,0.4199,0.7850
0,12,0.2086,0.9450,0.4184,0.7850
0,13,0.2055,0.9450,0.4170,0.7867
0,14,0.2027,0.9450,0.4158,0.7867
0,15,0.2001,0.9450,0.4147,0.7850
0,16,0.1977,0.9450,0.4136,0.7850
0,17,0.1955,0.9450,0.4127,0.7867
0,18,0.1934,0.9450,0.4118,0.7867
0,19,0.1915,0.9450,0.4109,0.7867
0,20,0.1897,0.9450,0.4101,0.7867
3,1,0.3322,0.8900,0.4764,0.7850
3,2,0.2912,0.9100,0.4562,0.7917
3,3,0.2699,0.9200,0.4462,0.7883
3,4,0.2559,0.9250,0.4397,0.7850
3,5,0.2455,0.9250,0.4349,0.7850
3,6,0.2373,0.9400,0.4312,0.7867
3,7,0.2307,0.9400,0.4282,0.7883
3,8,0.2250,0.9400,0.4256,0.7883
3,9,0.2202,0.9400,0.4235,0.7867
3,10,0.2160,0.9450,0.4216,0.7850
3,11,0.2122,0.9450,0.4200,0.7850
3,12,0.2089,0.9450,0.4185,0.7867
3,13,0.2058,0.9450,0.4171,0.7900
3,14,0.2030,0.9450,0.4159,0.7900
3,15,0.2004,0.9450,0.4148,0.7900
3,16,0.1980,0.9450,0.4138,0.7900
3,17,0.1958,0.9500,0.4128,0.7900
3,18,0.1938,0.9500,0.4119,0.7883
3,19,0.1918,0.9500,0.4111,0.7883
3,20,0.1900,0.9500,0.4103,0.7883
9,1,0.3312,0.8900,0.4758,0.7833
9,2,0.2903,0.9100,0.4558,0.7883
9,3,0.2691,0.9200,0.4460,0.7900
9,4,0.2551,0.9300,0.4396,0.7850
9,5,0.2447,0.9300,0.4348,0.7850
9,6,0.2366,0.9400,0.4311,0.7867
9,7,0.2300,0.9400,0.4281,0.7867
9,8,0.2244,0.9400,0.4256,0.7883
9,9,0.2195,0.9400,0.4235,0.7850
9,10,0.2153,0.9450,0.4217,0.7850
9,11,0.2116,0.9450,0.4200,0.7850
9,12,0.2082,0.9450,0.4186,0.7883
9,13,0.2052,0.9450,0.4172,0.7883
9,14,0.2024,0.9450,0.4160,0.7900
9,15,0.1998,0.9450,0.4149,0.7900
9,16,0.1974,0.9500,0.4139,0.7900
9,17,0.1952,0.9500,0.4129,0.7900
9,18,0.1931,0.9500,0.4120,0.7883
9,19,0.1912,0.9500,0.4112,0.7883
9,20,0.1893,0.9500,0.4105,0.7883
15,1,0.3300,0.8900,0.4754,0.7833
15,2,0.2894,0.9150,0.4555,0.7917
15,3,0.2683,0.9200,0.4458,0.7883
15,4,0.2544,0.9300,0.4394,0.7850
15,5,0.2441,0.9300,0.4347,0.7850
15,6,0.2360,0.9400,0.4310,0.7867
15,7,0.2294,0.9400,0.4280,0.7883
15,8,0.2238,0.9400,0.4255,0.7883
15,9,0.2190,0.9400,0.4234,0.7850
15,10,0.2148,0.9450,0.4216,0.7850
15,11,0.2111,0.9450,0.4199,0.7867
15,12,0.2077,0.9450,0.4185,0.7883
15,13,0.2047,0.9450,0.4171,0.7883
15,14,0.2019,0.9450,0.4159,0.7883
15,15,0.1993,0.9450,0.4148,0.7883
15,16,0.1970,0.9500,0.4138,0.7900
15,17,0.1947,0.9500,0.4128,0.7900
15,18,0.1927,0.9500,0.4120,0.7917
15,19,0.1908,0.9500,0.4112,0.7900
15,20,0.1890,0.9500,0.4104,0.7900
21,1,0.3340,0.8900,0.4767,0.7817
21,2,0.2931,0.9100,0.4566,0.7917
21,3,0.2717,0.9200,0.4467,0.7900
21,4,0.2577,0.9300,0.4402,0.7850
21,5,0.2472,0.9300,0.4354,0.7867
21,6,0.2390,0.9350,0.4317,0.7867
21,7,0.2323,0.9400,0.4287,0.7867
21,8,0.2267,0.9400,0.4262,0.7883
21,9,0.2218,0.9400,0.4241,0.7867
21,10,0.2175,0.9450,0.4222,0.7867
21,11,0.2137,0.9450,0.4205,0.7867
21,12,0.2103,0.9450,0.4191,0.7867
21,13,0.2072,0.9450,0.4177,0.7883
21,14,0.2044,0.9450,0.4165,0.7883
21,15,0.2018,0.9450,0.4154,0.7883
21,16,0.1994,0.9450,0.4143,0.7900
21,17,0.1972,0.9500,0.4134,0.7900
21,18,0.1951,0.9500,0.4125,0.7900
21,19,0.1932,0.9500,0.4116,0.7900
21,20,0.1914,0.9500,0.4109,0.7900
27,1,0.3359,0.8900,0.4780,0.7800
27,2,0.2950,0.9100,0.4576,0.7900
27,3,0.2737,0.9250,0.4477,0.7883
27,4,0.2596,0.9300,0.4413,0.7850
27,5,0.2492,0.9350,0.4365,0.7850
27,6,0.2410,0.9350,0.4328,0.7883
27,7,0.2344,0.9400,0.4298,0.7883
27,8,0.2287,0.9400,0.4273,0.7867
27,9,0.2238,0.9400,0.4252,0.7867
27,10,0.2196,0.9400,0.4233,0.7817
27,11,0.2158,0.9450,0.4217,0.7850
27,12,0.2123,0.9450,0.4202,0.7850
27,13,0.2093,0.9450,0.4188,0.7867
27,14,0.2064,0.9450,0.4176,0.7867
27,15,0.2038,0.9450,0.4165,0.7867
27,16,0.2014,0.9450,0.4155,0.7867
27,17,0.1992,0.9450,0.4146,0.7900
27,18,0.1971,0.9450,0.4137,0.7900
27,19,0.1951,0.9450,0.4129,0.7900
27,20,0.1933,0.9500,0.4121,0.7900
33,1,0.3369,0.8900,0.4777,0.7800
33,2,0.2963,0.9100,0.4577,0.7917
33,3,0.2752,0.9150,0.4479,0.7883
33,4,0.2612,0.9300,0.4415,0.7817
33,5,0.2509,0.9350,0.4368,0.7850
33,6,0.2427,0.9350,0.4331,0.7883
33,7,0.2361,0.9350,0.4302,0.7883
33,8,0.2304,0.9400,0.4277,0.7883
33,9,0.2256,0.9400,0.4256,0.7900
33,10,0.2213,0.9400,0.4238,0.7917
33,11,0.2175,0.9400,0.4222,0.7883
33,12,0.2141,0.9450,0.4207,0.7883
33,13,0.2111,0.9450,0.4194,0.7883
33,14,0.2082,0.9450,0.4182,0.7883
33,15,0.2056,0.9450,0.4171,0.7883
33,16,0.2033,0.9450,0.4161,0.7900
33,17,0.2010,0.9450,0.4152,0.7900
33,18,0.1990,0.9450,0.4144,0.7900
33,19,0.1970,0.9500,0.4136,0.7900
33,20,0.1952,0.9500,0.4128,0.7900
39,1,0.3443,0.8850,0.4810,0.7833
39,2,0.3034,0.9050,0.4605,0.7967
39,3,0.2820,0.9150,0.4507,0.7950
39,4,0.2678,0.9150,0.4442,0.7883
39,5,0.2574,0.9250,0.4396,0.7867
39,6,0.2492,0.9300,0.4359,0.7900
39,7,0.2425,0.9300,0.4330,0.7867
39,8,0.2368,0.9350,0.4305,0.7900
39,9,0.2319,0.9350,0.4284,0.7933
39,10,0.2276,0.9400,0.4266,0.7933
39,11,0.2237,0.9400,0.4250,0.7933
39,12,0.2203,0.9400,0.4235,0.7917
39,13,0.2172,0.9400,0.4222,0.7933
39,14,0.2144,0.9450,0.4211,0.7933
39,15,0.2117,0.9450,0.4200,0.7933
39,16,0.2093,0.9450,0.4190,0.7933
39,17,0.2071,0.9450,0.4181,0.7950
39,18,0.2050,0.9500,0.4173,0.7933
39,19,0.2030,0.9500,0.4165,0.7917
39,20,0.2012,0.9500,0.4157,0.7917
45,1,0.3457,0.8850,0.4826,0.7783
45,2,0.3066,0.9100,0.4619,0.7950
45,3,0.2859,0.9200,0.4520,0.7983
45,4,0.2721,0.9200,0.4456,0.7983
45,5,0.2619,0.9250,0.4409,0.7933
45,6,0.2539,0.9300,0.4373,0.7950
45,7,0.2473,0.9350,0.4344,0.7950
45,8,0.2418,0.9350,0.4320,0.7950
45,9,0.2370,0.9400,0.4299,0.7933
45,10,0.2328,0.9400,0.4281,0.7950
45,11,0.2290,0.9400,0.4265,0.7967
45,12,0.2257,0.9400,0.4251,0.7950
45,13,0.2226,0.9400,0.4238,0.7967
45,14,0.2198,0.9450,0.4226,0.7983
45,15,0.2172,0.9450,0.4216,0.7983
45,16,0.2148,0.9450,0.4206,0.7967
45,17,0.2126,0.9450,0.4197,0.7967
45,18,0.2105,0.9450,0.4189,0.7967
45,19,0.2086,0.9500,0.4181,0.7950
45,20,0.2068,0.9500,0.4174,0.7933
51,1,0.3494,0.8900,0.4837,0.7867
51,2,0.3092,0.9000,0.4630,0.7983
51,3,0.2881,0.9150,0.4531,0.7967
51,4,0.2742,0.9150,0.4468,0.7933
51,5,0.2639,0.9150,0.4422,0.7917
51,6,0.2558,0.9200,0.4386,0.7950
51,7,0.2491,0.9300,0.4357,0.7900
51,8,0.2435,0.9300,0.4333,0.7900
51,9,0.2387,0.9350,0.4313,0.7900
51,10,0.2345,0.9350,0.4295,0.7933
51,11,0.2307,0.9350,0.4279,0.7950
51,12,0.2273,0.9350,0.4265,0.7950
51,13,0.2242,0.9350,0.4253,0.7950
51,14,0.2214,0.9400,0.4241,0.7950
51,15,0.2188,0.9400,0.4231,0.7950
51,16,0.2164,0.9450,0.4222,0.7933
51,17,0.2142,0.9500,0.4213,0.7933
51,18,0.2121,0.9500,0.4205,0.7917
51,19,0.2101,0.9500,0.4197,0.7933
51,20,0.2083,0.9500,0.4190,0.7933
57,1,0.3672,0.8800,0.4917,0.7833
57,2,0.3270,0.8950,0.4698,0.7983
57,3,0.3058,0.9050,0.4596,0.8017
57,4,0.2918,0.9100,0.4530,0.8000
57,5,0.2815,0.9150,0.4483,0.8017
57,6,0.2733,0.9200,0.4446,0.7983
57,7,0.2666,0.9200,0.4417,0.7933
57,8,0.2610,0.9200,0.4392,0.7967
57,9,0.2561,0.9250,0.4371,0.7983
57,10,0.2518,0.9250,0.4353,0.7967
57,11,0.2480,0.9250,0.4337,0.7950
57,12,0.2446,0.9250,0.4322,0.7967
57,13,0.2415,0.9250,0.4309,0.7950
57,14,0.2387,0.9350,0.4298,0.7950
57,15,0.2361,0.9350,0.4287,0.7950
57,16,0.2337,0.9350,0.4277,0.7933
57,17,0.2315,0.9350,0.4268,0.7933
57,18,0.2294,0.9350,0.4259,0.7967
57,19,0.2274,0.9400,0.4251,0.7950
57,20,0.2256,0.9400,0.4244,0.7933
63,1,0.3823,0.8700,0.4999,0.7717
63,2,0.3426,0.8900,0.4767,0.7883
63,3,0.3217,0.8950,0.4659,0.7967
63,4,0.3079,0.8950,0.4590,0.7983
63,5,0.2977,0.9100,0.4541,0.8000
63,6,0.2897,0.9100,0.4504,0.8017
63,7,0.2831,0.9100,0.4473,0.8050
63,8,0.2775,0.9150,0.4448,0.8050
63,9,0.2728,0.9150,0.4426,0.8000
63,10,0.2686,0.9200,0.4407,0.7967
63,11,0.2648,0.9200,0.4391,0.8000
63,12,0.2614,0.9200,0.4376,0.7983
63,13,0.2584,0.9200,0.4363,0.7967
63,14,0.2556,0.9250,0.4352,0.7933
63,15,0.2530,0.9250,0.4341,0.7933
63,16,0.2506,0.9250,0.4331,0.7950
63,17,0.2484,0.9250,0.4322,0.7950
63,18,0.2464,0.9250,0.4313,0.7967
63,19,0.2444,0.9250,0.4305,0.7967
63,20,0.2426,0.9250,0.4298,0.7967
69,1,0.3996,0.8550,0.5110,0.7617
69,2,0.3608,0.8750,0.4874,0.7800
69,3,0.3403,0.8900,0.4764,0.7850
69,4,0.3268,0.8950,0.4694,0.7883
69,5,0.3168,0.8950,0.4644,0.7950
69,6,0.3090,0.8950,0.4605,0.7950
69,7,0.3025,0.9050,0.4574,0.7983
69,8,0.2971,0.9100,0.4549,0.8000
69,9,0.2924,0.9100,0.4527,0.8000
69,10,0.2882,0.9100,0.4508,0.8000
69,11,0.2845,0.9150,0.4491,0.8000
69,12,0.2812,0.9150,0.4477,0.8000
69,13,0.2782,0.9150,0.4463,0.8017
69,14,0.2755,0.9200,0.4451,0.8033
69,15,0.2729,0.9200,0.4441,0.8017
69,16,0.2706,0.9200,0.4431,0.8033
69,17,0.2684,0.9200,0.4421,0.8000
69,18,0.2663,0.9200,0.4413,0.8017
69,19,0.2644,0.9200,0.4404,0.8017
69,20,0.2626,0.9200,0.4397,0.8000
75,1,0.4186,0.8350,0.5211,0.7517
75,2,0.3811,0.8700,0.4976,0.7700
75,3,0.3612,0.8850,0.4864,0.7750
75,4,0.3481,0.8900,0.4793,0.7867
75,5,0.3384,0.8950,0.4743,0.7867
75,6,0.3307,0.8950,0.4704,0.7867
75,7,0.3245,0.8950,0.4672,0.7883
75,8,0.3192,0.8950,0.4646,0.7883
75,9,0.3146,0.8950,0.4624,0.7900
75,10,0.3106,0.8950,0.4605,0.7933
75,11,0.3070,0.9000,0.4588,0.7950
75,12,0.3037,0.9050,0.4572,0.7950
75,13,0.3008,0.9050,0.4559,0.7967
75,14,0.2981,0.9050,0.4547,0.7967
75,15,0.2956,0.9050,0.4535,0.7967
75,16,0.2933,0.9150,0.4525,0.7983
75,17,0.2912,0.9150,0.4515,0.7983
75,18,0.2892,0.9150,0.4507,0.7983
75,19,0.2874,0.9150,0.4498,0.7983
75,20,0.2856,0.9150,0.4491,0.7983
81,1,0.4437,0.8200,0.5330,0.7467
81,2,0.4067,0.8500,0.5090,0.7667
81,3,0.3871,0.8600,0.4972,0.7717
81,4,0.3742,0.8600,0.4897,0.7783
81,5,0.3646,0.8850,0.4844,0.7817
81,6,0.3571,0.8900,0.4803,0.7883
81,7,0.3509,0.8900,0.4769,0.7867
81,8,0.3457,0.8950,0.4741,0.7883
81,9,0.3412,0.8950,0.4718,0.7900
81,10,0.3372,0.8950,0.4697,0.7900
81,11,0.3337,0.8950,0.4679,0.7883
81,12,0.3305,0.8950,0.4662,0.7900
81,13,0.3276,0.8950,0.4648,0.7917
81,14,0.3250,0.8950,0.4634,0.7917
81,15,0.3225,0.9000,0.4622,0.7933
81,16,0.3203,0.9000,0.4611,0.7917
81,17,0.3182,0.9000,0.4601,0.7933
81,18,0.3162,0.9000,0.4591,0.7933
81,19,0.3144,0.9050,0.4582,0.7933
81,20,0.3126,0.9100,0.4573,0.7950
84,1,0.4422,0.8200,0.5321,0.7450
84,2,0.4055,0.8500,0.5082,0.7667
84,3,0.3860,0.8600,0.4965,0.7717
84,4,0.3731,0.8650,0.4891,0.7783
84,5,0.3636,0.8900,0.4838,0.7833
84,6,0.3561,0.8900,0.4797,0.7883
84,7,0.3500,0.8900,0.4764,0.7867
84,8,0.3448,0.8950,0.4736,0.7900
84,9,0.3403,0.8950,0.4712,0.7900
84,10,0.3363,0.8950,0.4692,0.7883
84,11,0.3328,0.8950,0.4674,0.7883
84,12,0.3297,0.8950,0.4657,0.7900
84,13,0.3268,0.8950,0.4643,0.7917
84,14,0.3241,0.8950,0.4630,0.7933
84,15,0.3217,0.9000,0.4617,0.7933
84,16,0.3195,0.9000,0.4606,0.7933
84,17,0.3174,0.9000,0.4596,0.7933
84,18,0.3154,0.9050,0.4586,0.7933
84,19,0.3136,0.9050,0.4577,0.7933
84,20,0.3119,0.9100,0.4569,0.7950
96,1,0.5935,0.7050,0.6160,0.6250
96,2,0.5670,0.7200,0.5968,0.6633
96,3,0.5521,0.7450,0.5861,0.6883
96,4,0.5422,0.7650,0.5791,0.7017
96,5,0.5347,0.7750,0.5738,0.7083
96,6,0.5289,0.7800,0.5697,0.7083
96,7,0.5240,0.7850,0.5663,0.7167
96,8,0.5199,0.7850,0.5634,0.7183
96,9,0.5164,0.7850,0.5609,0.7200
96,10,0.5132,0.7850,0.5588,0.7233
96,11,0.5105,0.7850,0.5568,0.7233
96,12,0.5080,0.7900,0.5551,0.7233
96,13,0.5057,0.7900,0.5535,0.7233
96,14,0.5036,0.7900,0.5521,0.7267
96,15,0.5017,0.7950,0.5508,0.7283
96,16,0.4999,0.7950,0.5495,0.7283
96,17,0.4982,0.7950,0.5484,0.7300
96,18,0.4966,0.7950,0.5473,0.7317
96,19,0.4952,0.7950,0.5464,0.7300
96,20,0.4938,0.7950,0.5454,0.7300
99,1,0.9200,0.5000,0.8915,0.4983
99,2,0.9200,0.5000,0.8915,0.4983
