0,1,0.0422,0.9902,0.1575,0.9752
0,2,0.0311,0.9935,0.1488,0.9752
0,3,0.0259,0.9967,0.1443,0.9746
0,4,0.0228,0.9967,0.1405,0.9746
0,5,0.0206,0.9967,0.1376,0.9740
0,6,0.0190,0.9967,0.1353,0.9740
0,7,0.0177,0.9967,0.1333,0.9734
0,8,0.0167,0.9967,0.1317,0.9734
0,9,0.0159,0.9935,0.1302,0.9734
0,10,0.0152,0.9935,0.1290,0.9734
0,11,0.0146,0.9935,0.1278,0.9727
0,12,0.0141,0.9935,0.1268,0.9727
0,13,0.0136,0.9935,0.1258,0.9727
0,14,0.0132,0.9935,0.1250,0.9721
0,15,0.0128,0.9935,0.1242,0.9721
0,16,0.0125,0.9935,0.1234,0.9721
0,17,0.0122,0.9935,0.1227,0.9721
0,18,0.0119,0.9935,0.1221,0.9721
0,19,0.0116,0.9935,0.1215,0.9721
0,20,0.0114,0.9935,0.1209,0.9721
0,21,0.0112,0.9935,0.1203,0.9715
0,22,0.0110,0.9935,0.1198,0.9715
0,23,0.0108,0.9935,0.1193,0.9715
0,24,0.0106,0.9935,0.1189,0.9715
0,25,0.0104,0.9935,0.1184,0.9715
0,26,0.0103,0.9935,0.1180,0.9709
0,27,0.0101,0.9935,0.1176,0.9709
0,28,0.0100,0.9935,0.1172,0.9709
0,29,0.0098,0.9935,0.1168,0.9709
0,30,0.0097,0.9935,0.1164,0.9709
0,31,0.0096,0.9935,0.1161,0.9709
0,32,0.0094,0.9935,0.1157,0.9696
0,33,0.0093,0.9935,0.1154,0.9696
0,34,0.0092,0.9935,0.1151,0.9696
0,35,0.0091,0.9935,0.1148,0.9696
0,36,0.0090,0.9935,0.1145,0.9696
0,37,0.0089,0.9935,0.1142,0.9690
0,38,0.0088,0.9935,0.1139,0.9684
0,39,0.0087,0.9935,0.1136,0.9684
0,40,0.0087,0.9935,0.1133,0.9684
4,1,0.0422,0.9935,0.1566,0.9746
4,2,0.0311,0.9935,0.1477,0.9746
4,3,0.0259,0.9967,0.1432,0.9734
4,4,0.0228,0.9935,0.1395,0.9740
4,5,0.0206,0.9935,0.1366,0.9740
4,6,0.0191,0.9935,0.1343,0.9740
4,7,0.0178,0.9935,0.1323,0.9740
4,8,0.0168,0.9935,0.1306,0.9740
4,9,0.0160,0.9935,0.1291,0.9740
4,10,0.0152,0.9935,0.1278,0.9740
4,11,0.0146,0.9935,0.1266,0.9734
4,12,0.0141,0.9935,0.1256,0.9734
4,13,0.0136,0.9935,0.1246,0.9734
4,14,0.0132,0.9935,0.1237,0.9734
4,15,0.0129,0.9935,0.1229,0.9734
4,16,0.0125,0.9935,0.1222,0.9727
4,17,0.0122,0.9935,0.1215,0.9721
4,18,0.0119,0.9935,0.1208,0.9721
4,19,0.0117,0.9935,0.1202,0.9721
4,20,0.0114,0.9935,0.1196,0.9721
4,21,0.0112,0.9935,0.1190,0.9721
4,22,0.0110,0.9967,0.1185,0.9721
4,23,0.0108,0.9967,0.1180,0.9721
4,24,0.0106,0.9967,0.1175,0.9721
4,25,0.0104,0.9967,0.1171,0.9721
4,26,0.0103,0.9967,0.1166,0.9721
4,27,0.0101,0.9967,0.1162,0.9721
4,28,0.0099,0.9967,0.1158,0.9721
4,29,0.0098,0.9967,0.1154,0.9715
4,30,0.0097,0.9967,0.1151,0.9715
4,31,0.0095,0.9967,0.1147,0.9715
4,32,0.0094,0.9967,0.1143,0.9715
4,33,0.0093,0.9967,0.1140,0.9715
4,34,0.0092,0.9967,0.1137,0.9715
4,35,0.0091,0.9967,0.1134,0.9715
4,36,0.0090,0.9967,0.1131,0.9715
4,37,0.0089,0.9967,0.1128,0.9715
0,2,0.3573,0.9507,0.3553,0.9628
4,38,0.0088,0.9967,0.1125,0.9715
4,39,0.0087,0.9967,0.1122,0.9709
4,40,0.0086,0.9967,0.1119,0.9709
7,1,0.0417,0.9935,0.1591,0.9740
7,2,0.0307,0.9935,0.1502,0.9740
7,3,0.0256,0.9935,0.1457,0.9740
7,4,0.0225,0.9967,0.1422,0.9740
7,5,0.0204,0.9967,0.1394,0.9740
7,6,0.0188,0.9935,0.1371,0.9734
7,7,0.0175,0.9935,0.1352,0.9734
0,1,0.5029,0.7446,0.5294,0.6970
7,9,0.0157,0.9935,0.1322,0.9721
7,10,0.0150,0.9935,0.1309,0.9721
7,11,0.0144,0.9935,0.1298,0.9721
7,12,0.0138,0.9935,0.1288,0.9721
7,13,0.0133,0.9935,0.1278,0.9715
7,14,0.0129,0.9935,0.1270,0.9715
7,15,0.0125,0.9935,0.1262,0.9715
0,2,0.2833,0.9689,0.3345,0.9498

7,17,0.0119,0.9935,0.1248,0.9709
7,18,0.0116,0.9935,0.1242,0.9709
7,19,0.0113,0.9935,0.1236,0.9709
7,20,0.0111,0.9935,0.1230,0.9709
7,21,0.0109,0.9935,0.1225,0.9709
7,22,0.0107,0.9935,0.1220,0.9709
7,23,0.0105,0.9935,0.1215,0.9709
7,24,0.0103,0.9935,0.1211,0.9709
0,3,0.2793,0.9619,0.2975,0.9523
7,25,0.0101,0.9935,0.1206,0.9709
7,26,0.0099,0.9935,0.1202,0.9709
0,4,0.3123,0.9202,0.3095,0.9226
4,1,0.5310,0.6801,0.5299,0.7069
0,1,0.2056,0.9728,0.2066,0.9727
4,2,0.2979,0.9637,0.3393,0.9374
0,2,0.1835,0.9729,0.1843,0.9727
4,3,0.2841,0.9564,0.3087,0.9449
0,4,0.1738,0.9734,0.1745,0.9727
4,4,0.3132,0.9196,0.3274,0.9244
4,1,0.2050,0.9728,0.2061,0.9727
7,1,0.5274,0.6809,0.5638,0.6159
4,2,0.1829,0.9729,0.1837,0.9727
4,3,0.1664,0.9729,0.1678,0.9727
7,2,0.3017,0.9675,0.3652,0.9226
4,4,0.1735,0.9733,0.1743,0.9727
7,3,0.3032,0.9483,0.3418,0.9182
7,1,0.2059,0.9728,0.2070,0.9727
7,2,0.1833,0.9730,0.1841,0.9727

7,3,0.1663,0.9730,0.1678,0.9727
10,2,0.3128,0.9625,0.4192,0.8773
7,4,0.1737,0.9732,0.1746,0.9727
10,3,0.3009,0.9589,0.3655,0.9102
10,1,0.2060,0.9728,0.2071,0.9727
10,4,0.3229,0.9320,0.3691,0.8903
10,2,0.1838,0.9729,0.1846,0.9727
10,3,0.1678,0.9730,0.1693,0.9727
0,1,0.0424,0.9935,0.1578,0.9746
0,2,0.0310,0.9935,0.1494,0.9740
0,3,0.0258,0.9967,0.1449,0.9746
0,4,0.0227,0.9967,0.1413,0.9746
0,5,0.0205,0.9967,0.1384,0.9740
0,6,0.0190,0.9967,0.1361,0.9740
0,7,0.0177,0.9935,0.1342,0.9734
0,8,0.0167,0.9935,0.1326,0.9734
0,9,0.0159,0.9935,0.1312,0.9727
0,10,0.0152,0.9935,0.1299,0.9727
0,11,0.0146,0.9935,0.1288,0.9727
0,12,0.0141,0.9935,0.1278,0.9721
0,13,0.0136,0.9935,0.1269,0.9721
0,14,0.0132,0.9935,0.1260,0.9715
0,15,0.0128,0.9935,0.1253,0.9709
0,16,0.0125,0.9935,0.1245,0.9709
0,17,0.0122,0.9935,0.1239,0.9709
0,18,0.0119,0.9935,0.1232,0.9709
0,19,0.0116,0.9935,0.1226,0.9703
0,20,0.0114,0.9935,0.1221,0.9703
0,21,0.0112,0.9935,0.1215,0.9703
0,22,0.0110,0.9935,0.1210,0.9703
0,23,0.0108,0.9935,0.1206,0.9703
0,24,0.0106,0.9935,0.1201,0.9703
0,25,0.0104,0.9935,0.1197,0.9703
0,26,0.0103,0.9935,0.1193,0.9703
0,27,0.0101,0.9935,0.1189,0.9703
0,28,0.0100,0.9935,0.1185,0.9696
0,29,0.0098,0.9935,0.1181,0.9696
0,30,0.0097,0.9935,0.1178,0.9696
0,31,0.0096,0.9935,0.1174,0.9696
0,32,0.0095,0.9935,0.1171,0.9690
0,33,0.0093,0.9935,0.1168,0.9690
0,34,0.0092,0.9935,0.1165,0.9690
0,35,0.0091,0.9935,0.1162,0.9690
0,36,0.0090,0.9935,0.1159,0.9690
0,37,0.0089,0.9935,0.1156,0.9690
0,38,0.0088,0.9935,0.1153,0.9690
0,39,0.0088,0.9935,0.1151,0.9690
0,40,0.0087,0.9935,0.1148,0.9690
4,1,0.0427,0.9902,0.1568,0.9746
4,2,0.0313,0.9935,0.1479,0.9752
4,3,0.0259,0.9967,0.1432,0.9746
4,4,0.0228,0.9967,0.1395,0.9740
4,5,0.0206,0.9967,0.1365,0.9740
4,6,0.0190,0.9967,0.1342,0.9740
4,7,0.0177,0.9935,0.1322,0.9740
4,8,0.0167,0.9935,0.1305,0.9746
4,9,0.0159,0.9935,0.1290,0.9740
4,10,0.0151,0.9935,0.1277,0.9740
4,11,0.0145,0.9935,0.1265,0.9740
4,12,0.0140,0.9935,0.1255,0.9740
4,13,0.0135,0.9935,0.1245,0.9740
4,14,0.0131,0.9935,0.1236,0.9740
4,15,0.0127,0.9935,0.1228,0.9734
4,16,0.0124,0.9935,0.1220,0.9734
4,17,0.0121,0.9935,0.1213,0.9727
4,18,0.0118,0.9935,0.1206,0.9727
4,19,0.0116,0.9935,0.1200,0.9721
4,20,0.0113,0.9935,0.1194,0.9721
4,21,0.0111,0.9935,0.1188,0.9721
4,22,0.0109,0.9935,0.1183,0.9721
4,23,0.0107,0.9935,0.1178,0.9721
4,24,0.0105,0.9935,0.1173,0.9721
4,25,0.0103,0.9935,0.1168,0.9721
4,26,0.0102,0.9935,0.1164,0.9721
4,27,0.0100,0.9935,0.1160,0.9721
4,28,0.0099,0.9935,0.1156,0.9721
4,29,0.0097,0.9935,0.1152,0.9721
4,30,0.0096,0.9935,0.1148,0.9721
4,31,0.0095,0.9935,0.1144,0.9721
4,32,0.0094,0.9935,0.1141,0.9721
4,33,0.0092,0.9935,0.1137,0.9721
4,34,0.0091,0.9935,0.1134,0.9721
4,35,0.0090,0.9935,0.1131,0.9721
4,36,0.0089,0.9935,0.1127,0.9721
4,37,0.0088,0.9935,0.1124,0.9721
4,38,0.0087,0.9935,0.1121,0.9721
4,39,0.0087,0.9935,0.1119,0.9715
4,40,0.0086,0.9935,0.1116,0.9715
7,1,0.0415,0.9935,0.1590,0.9740
7,2,0.0305,0.9935,0.1507,0.9740
7,3,0.0254,0.9967,0.1464,0.9734
7,4,0.0223,0.9967,0.1430,0.9734
7,5,0.0202,0.9967,0.1402,0.9721
7,6,0.0186,0.9967,0.1380,0.9721
7,7,0.0174,0.9935,0.1361,0.9721
7,8,0.0164,0.9935,0.1346,0.9721
7,9,0.0156,0.9935,0.1332,0.9721
7,10,0.0149,0.9935,0.1320,0.9721
7,11,0.0143,0.9935,0.1309,0.9715
7,12,0.0137,0.9935,0.1299,0.9715
7,13,0.0133,0.9935,0.1290,0.9715
7,14,0.0129,0.9935,0.1282,0.9709
7,15,0.0125,0.9935,0.1274,0.9709
7,16,0.0121,0.9935,0.1267,0.9709
7,17,0.0118,0.9935,0.1260,0.9709
7,18,0.0116,0.9935,0.1254,0.9709
7,19,0.0113,0.9935,0.1248,0.9709
7,20,0.0110,0.9935,0.1242,0.9709
7,21,0.0108,0.9935,0.1237,0.9703
7,22,0.0106,0.9935,0.1232,0.9703
7,23,0.0104,0.9935,0.1227,0.9703
7,24,0.0102,0.9935,0.1223,0.9703
7,25,0.0101,0.9935,0.1218,0.9703
7,26,0.0099,0.9935,0.1214,0.9703
7,27,0.0097,0.9935,0.1210,0.9703
7,28,0.0096,0.9935,0.1206,0.9703
7,29,0.0094,0.9935,0.1203,0.9703
7,30,0.0093,0.9935,0.1199,0.9703
7,31,0.0092,0.9935,0.1196,0.9696
7,32,0.0091,0.9935,0.1192,0.9690
7,33,0.0090,0.9935,0.1189,0.9690
7,34,0.0088,0.9935,0.1186,0.9690
7,35,0.0087,0.9935,0.1183,0.9690
7,36,0.0086,0.9935,0.1180,0.9690
7,37,0.0085,0.9935,0.1177,0.9690
7,38,0.0085,0.9935,0.1175,0.9690
7,39,0.0084,0.9935,0.1172,0.9684
7,40,0.0083,0.9935,0.1169,0.9678
10,1,0.0417,0.9935,0.1602,0.9740
10,2,0.0307,0.9935,0.1517,0.9734
10,3,0.0255,0.9967,0.1476,0.9734
10,4,0.0225,0.9967,0.1442,0.9727
10,5,0.0204,0.9967,0.1415,0.9727
10,6,0.0189,0.9967,0.1393,0.9727
10,7,0.0177,0.9967,0.1374,0.9715
10,8,0.0167,0.9967,0.1359,0.9715
10,9,0.0159,0.9967,0.1345,0.9709
10,10,0.0152,0.9967,0.1333,0.9709
10,11,0.0146,0.9967,0.1322,0.9709
10,12,0.0141,0.9967,0.1312,0.9709
10,13,0.0136,0.9967,0.1303,0.9709
10,14,0.0132,0.9967,0.1294,0.9709
10,15,0.0128,0.9967,0.1287,0.9709
10,16,0.0125,0.9935,0.1279,0.9709
10,17,0.0122,0.9935,0.1273,0.9709
10,18,0.0119,0.9935,0.1266,0.9709
10,19,0.0117,0.9935,0.1261,0.9709
10,20,0.0114,0.9935,0.1255,0.9709
10,21,0.0112,0.9935,0.1249,0.9703
10,22,0.0110,0.9935,0.1244,0.9703
10,23,0.0108,0.9935,0.1240,0.9703
10,24,0.0107,0.9935,0.1235,0.9703
10,25,0.0105,0.9935,0.1231,0.9696
10,26,0.0103,0.9935,0.1226,0.9696
10,27,0.0102,0.9935,0.1222,0.9696
10,28,0.0100,0.9935,0.1218,0.9696
10,29,0.0099,0.9935,0.1215,0.9696
10,30,0.0098,0.9935,0.1211,0.9696
10,31,0.0097,0.9935,0.1208,0.9696
10,32,0.0095,0.9935,0.1204,0.9696
10,33,0.0094,0.9935,0.1201,0.9690
10,34,0.0093,0.9935,0.1198,0.9690
10,35,0.0092,0.9935,0.1195,0.9690
10,36,0.0091,0.9935,0.1192,0.9684
10,37,0.0090,0.9935,0.1189,0.9684
10,38,0.0089,0.9935,0.1186,0.9684
10,39,0.0089,0.9935,0.1184,0.9684
10,40,0.0088,0.9935,0.1181,0.9684
11,1,0.0419,0.9935,0.1596,0.9740
11,2,0.0307,0.9935,0.1513,0.9740
11,3,0.0255,0.9935,0.1471,0.9734
11,4,0.0224,0.9967,0.1436,0.9727
11,5,0.0203,0.9967,0.1409,0.9727
11,6,0.0188,0.9967,0.1387,0.9727
11,7,0.0175,0.9967,0.1368,0.9721
11,8,0.0165,0.9935,0.1353,0.9715
11,9,0.0157,0.9935,0.1339,0.9715
11,10,0.0150,0.9935,0.1327,0.9709
11,11,0.0144,0.9935,0.1316,0.9709
11,12,0.0139,0.9935,0.1306,0.9709
11,13,0.0134,0.9935,0.1297,0.9709
11,14,0.0130,0.9935,0.1288,0.9709
11,15,0.0126,0.9935,0.1281,0.9709
11,16,0.0123,0.9935,0.1274,0.9709
11,17,0.0119,0.9935,0.1267,0.9709
11,18,0.0117,0.9935,0.1261,0.9709
11,19,0.0114,0.9935,0.1255,0.9709
11,20,0.0111,0.9935,0.1249,0.9709
11,21,0.0109,0.9935,0.1244,0.9709
11,22,0.0107,0.9935,0.1239,0.9703
11,23,0.0105,0.9935,0.1234,0.9696
11,24,0.0103,0.9935,0.1229,0.9696
11,25,0.0102,0.9935,0.1225,0.9696
11,26,0.0100,0.9935,0.1221,0.9696
11,27,0.0098,0.9935,0.1217,0.9696
11,28,0.0097,0.9935,0.1213,0.9696
11,29,0.0095,0.9935,0.1209,0.9696
11,30,0.0094,0.9935,0.1206,0.9696
11,31,0.0093,0.9935,0.1202,0.9696
11,32,0.0092,0.9935,0.1199,0.9696
11,33,0.0090,0.9967,0.1196,0.9696
11,34,0.0089,0.9967,0.1193,0.9696
11,35,0.0088,0.9967,0.1190,0.9696
11,36,0.0087,0.9967,0.1187,0.9696
11,37,0.0086,0.9967,0.1184,0.9696
11,38,0.0085,0.9967,0.1181,0.9696
11,39,0.0084,0.9967,0.1179,0.9696
11,40,0.0083,0.9967,0.1176,0.9696
14,1,0.0422,0.9935,0.1591,0.9740
14,2,0.0311,0.9935,0.1509,0.9727
14,3,0.0258,0.9967,0.1467,0.9734
14,4,0.0227,0.9967,0.1432,0.9727
14,5,0.0206,0.9967,0.1405,0.9727
14,6,0.0190,0.9967,0.1383,0.9727
14,7,0.0177,0.9967,0.1364,0.9727
14,8,0.0167,0.9935,0.1348,0.9727
14,9,0.0159,0.9935,0.1334,0.9727
14,10,0.0152,0.9935,0.1322,0.9727
14,11,0.0146,0.9935,0.1311,0.9721
14,12,0.0140,0.9935,0.1301,0.9721
14,13,0.0135,0.9935,0.1292,0.9721
14,14,0.0131,0.9935,0.1284,0.9721
14,15,0.0127,0.9935,0.1276,0.9715
14,16,0.0124,0.9935,0.1269,0.9715
14,17,0.0121,0.9935,0.1262,0.9715
14,18,0.0118,0.9935,0.1256,0.9715
14,19,0.0115,0.9935,0.1250,0.9715
14,20,0.0113,0.9935,0.1244,0.9715
14,21,0.0111,0.9935,0.1239,0.9715
14,22,0.0109,0.9935,0.1234,0.9715
14,23,0.0107,0.9935,0.1229,0.9715
14,24,0.0105,0.9935,0.1225,0.9715
14,25,0.0103,0.9935,0.1220,0.9715
14,26,0.0102,0.9935,0.1216,0.9715
14,27,0.0100,0.9935,0.1212,0.9715
14,28,0.0099,0.9935,0.1208,0.9709
14,29,0.0097,0.9935,0.1205,0.9709
14,30,0.0096,0.9935,0.1201,0.9709
14,31,0.0095,0.9935,0.1197,0.9709
14,32,0.0093,0.9935,0.1194,0.9709
14,33,0.0092,0.9935,0.1191,0.9709
14,34,0.0091,0.9935,0.1188,0.9703
14,35,0.0090,0.9935,0.1185,0.9703
14,36,0.0089,0.9935,0.1182,0.9703
14,37,0.0088,0.9935,0.1179,0.9703
14,38,0.0087,0.9935,0.1176,0.9703
14,39,0.0086,0.9935,0.1174,0.9696
14,40,0.0085,0.9935,0.1171,0.9690
17,1,0.0427,0.9902,0.1602,0.9740
17,2,0.0316,0.9935,0.1519,0.9727
17,3,0.0262,0.9967,0.1476,0.9734
17,4,0.0231,0.9967,0.1441,0.9721
17,5,0.0209,0.9935,0.1413,0.9721
17,6,0.0193,0.9935,0.1390,0.9721
17,7,0.0181,0.9935,0.1371,0.9727
17,8,0.0170,0.9935,0.1354,0.9727
17,9,0.0162,0.9935,0.1340,0.9727
17,10,0.0155,0.9935,0.1328,0.9721
17,11,0.0148,0.9935,0.1317,0.9721
17,12,0.0143,0.9935,0.1306,0.9721
17,13,0.0138,0.9935,0.1297,0.9721
17,14,0.0134,0.9935,0.1289,0.9721
17,15,0.0130,0.9935,0.1281,0.9721
17,16,0.0127,0.9935,0.1273,0.9721
17,17,0.0124,0.9935,0.1267,0.9715
17,18,0.0121,0.9935,0.1260,0.9715
17,19,0.0118,0.9935,0.1254,0.9715
17,20,0.0116,0.9935,0.1248,0.9715
17,21,0.0113,0.9935,0.1243,0.9709
17,22,0.0111,0.9935,0.1238,0.9709
17,23,0.0109,0.9935,0.1233,0.9703
17,24,0.0108,0.9935,0.1228,0.9703
17,25,0.0106,0.9935,0.1224,0.9703
17,26,0.0104,0.9935,0.1220,0.9703
17,27,0.0103,0.9935,0.1216,0.9703
17,28,0.0101,0.9935,0.1212,0.9703
17,29,0.0100,0.9935,0.1208,0.9703
17,30,0.0099,0.9935,0.1205,0.9703
17,31,0.0097,0.9935,0.1201,0.9703
17,32,0.0096,0.9935,0.1198,0.9703
17,33,0.0095,0.9935,0.1195,0.9703
17,34,0.0094,0.9935,0.1192,0.9703
17,35,0.0093,0.9935,0.1189,0.9703
17,36,0.0092,0.9935,0.1186,0.9703
17,37,0.0091,0.9935,0.1183,0.9703
17,38,0.0090,0.9935,0.1180,0.9703
17,39,0.0089,0.9935,0.1178,0.9703
17,40,0.0088,0.9935,0.1175,0.9703
18,1,0.0423,0.9902,0.1603,0.9746
18,2,0.0310,0.9935,0.1519,0.9740
18,3,0.0258,0.9967,0.1474,0.9734
18,4,0.0227,0.9967,0.1438,0.9727
18,5,0.0205,0.9967,0.1410,0.9727
18,6,0.0189,0.9967,0.1387,0.9727
18,7,0.0176,0.9967,0.1368,0.9727
18,8,0.0166,0.9967,0.1352,0.9721
18,9,0.0157,0.9967,0.1338,0.9715
18,10,0.0150,0.9967,0.1325,0.9715
18,11,0.0144,0.9967,0.1314,0.9715
18,12,0.0139,0.9967,0.1304,0.9715
18,13,0.0134,0.9935,0.1295,0.9715
18,14,0.0130,0.9935,0.1286,0.9709
18,15,0.0126,0.9935,0.1278,0.9709
18,16,0.0123,0.9935,0.1271,0.9709
18,17,0.0120,0.9935,0.1264,0.9709
18,18,0.0117,0.9935,0.1258,0.9709
18,19,0.0114,0.9935,0.1252,0.9709
18,20,0.0112,0.9935,0.1246,0.9709
18,21,0.0110,0.9935,0.1241,0.9709
18,22,0.0107,0.9935,0.1236,0.9709
18,23,0.0105,0.9935,0.1231,0.9709
18,24,0.0104,0.9935,0.1226,0.9709
18,25,0.0102,0.9935,0.1222,0.9709
18,26,0.0100,0.9935,0.1217,0.9703
18,27,0.0099,0.9935,0.1213,0.9703
18,28,0.0097,0.9935,0.1209,0.9703
18,29,0.0096,0.9935,0.1205,0.9703
18,30,0.0095,0.9935,0.1202,0.9703
18,31,0.0093,0.9935,0.1198,0.9703
18,32,0.0092,0.9935,0.1195,0.9703
18,33,0.0091,0.9935,0.1192,0.9703
18,34,0.0090,0.9935,0.1188,0.9703
18,35,0.0089,0.9935,0.1185,0.9703
18,36,0.0088,0.9935,0.1182,0.9703
18,37,0.0087,0.9935,0.1179,0.9703
18,38,0.0086,0.9935,0.1177,0.9703
18,39,0.0085,0.9935,0.1174,0.9703
18,40,0.0084,0.9935,0.1171,0.9703
41,1,0.0427,0.9935,0.1600,0.9746
41,2,0.0315,0.9935,0.1518,0.9740
41,3,0.0263,0.9935,0.1475,0.9740
41,4,0.0231,0.9967,0.1440,0.9740
41,5,0.0210,0.9967,0.1413,0.9740
41,6,0.0193,0.9967,0.1391,0.9734
41,7,0.0181,0.9967,0.1373,0.9734
41,8,0.0170,0.9967,0.1357,0.9727
41,9,0.0162,0.9967,0.1344,0.9727
41,10,0.0155,0.9967,0.1332,0.9727
41,11,0.0148,0.9967,0.1321,0.9727
41,12,0.0143,0.9967,0.1311,0.9715
41,13,0.0138,0.9967,0.1303,0.9709
41,14,0.0134,0.9967,0.1295,0.9709
41,15,0.0130,0.9967,0.1287,0.9709
41,16,0.0126,0.9967,0.1280,0.9709
41,17,0.0123,0.9967,0.1274,0.9703
41,18,0.0120,0.9967,0.1268,0.9703
41,19,0.0117,0.9967,0.1262,0.9703
41,20,0.0115,0.9967,0.1256,0.9703
41,21,0.0112,0.9967,0.1251,0.9703
41,22,0.0110,0.9967,0.1247,0.9703
41,23,0.0108,0.9967,0.1242,0.9703
41,24,0.0106,0.9967,0.1238,0.9703
41,25,0.0104,0.9967,0.1233,0.9703
41,26,0.0103,0.9967,0.1229,0.9703
41,27,0.0101,0.9967,0.1225,0.9703
41,28,0.0100,0.9967,0.1222,0.9703
41,29,0.0098,0.9967,0.1218,0.9703
41,30,0.0097,0.9967,0.1214,0.9703
41,31,0.0095,0.9967,0.1211,0.9703
41,32,0.0094,0.9967,0.1208,0.9703
41,33,0.0093,0.9967,0.1205,0.9703
41,34,0.0092,0.9967,0.1202,0.9696
41,35,0.0091,0.9967,0.1199,0.9696
41,36,0.0090,0.9967,0.1196,0.9696
41,37,0.0088,0.9967,0.1193,0.9696
41,38,0.0087,0.9967,0.1190,0.9696
41,39,0.0086,0.9967,0.1188,0.9696
41,40,0.0086,0.9967,0.1185,0.9696
64,1,0.0436,0.9902,0.1601,0.9746
64,2,0.0323,0.9935,0.1514,0.9746
64,3,0.0271,0.9935,0.1467,0.9746
64,4,0.0239,0.9967,0.1432,0.9740
64,5,0.0218,0.9967,0.1404,0.9734
64,6,0.0201,0.9967,0.1381,0.9734
64,7,0.0188,0.9967,0.1362,0.9734
64,8,0.0178,0.9967,0.1346,0.9734
64,9,0.0169,0.9967,0.1332,0.9734
64,10,0.0162,0.9967,0.1319,0.9727
64,11,0.0155,0.9967,0.1308,0.9727
64,12,0.0150,0.9967,0.1298,0.9727
64,13,0.0145,0.9967,0.1289,0.9727
64,14,0.0140,0.9967,0.1280,0.9727
64,15,0.0136,0.9967,0.1273,0.9727
64,16,0.0133,0.9967,0.1265,0.9727
64,17,0.0129,0.9967,0.1258,0.9727
64,18,0.0126,0.9967,0.1252,0.9727
64,19,0.0124,0.9967,0.1246,0.9727
64,20,0.0121,0.9967,0.1240,0.9727
64,21,0.0119,0.9967,0.1235,0.9727
64,22,0.0116,0.9967,0.1230,0.9727
64,23,0.0114,0.9967,0.1225,0.9727
64,24,0.0112,0.9967,0.1220,0.9727
64,25,0.0111,0.9967,0.1216,0.9727
64,26,0.0109,0.9967,0.1212,0.9727
64,27,0.0107,0.9967,0.1207,0.9727
64,28,0.0106,0.9967,0.1204,0.9727
64,29,0.0104,0.9967,0.1200,0.9727
64,30,0.0103,0.9967,0.1196,0.9727
64,31,0.0101,0.9967,0.1193,0.9727
64,32,0.0100,0.9967,0.1189,0.9727
64,33,0.0099,0.9967,0.1186,0.9727
64,34,0.0098,0.9967,0.1183,0.9727
64,35,0.0096,0.9967,0.1180,0.9727
64,36,0.0095,0.9967,0.1177,0.9727
64,37,0.0094,0.9967,0.1174,0.9727
64,38,0.0093,0.9967,0.1171,0.9727
64,39,0.0092,0.9967,0.1168,0.9727
64,40,0.0091,0.9967,0.1166,0.9715
87,1,0.0452,0.9902,0.1590,0.9740
87,2,0.0334,0.9935,0.1501,0.9740
87,3,0.0279,0.9935,0.1458,0.9746
87,4,0.0247,0.9967,0.1422,0.9740
87,5,0.0225,0.9967,0.1394,0.9740
87,6,0.0208,0.9967,0.1371,0.9740
87,7,0.0195,0.9967,0.1352,0.9740
87,8,0.0184,0.9967,0.1336,0.9740
87,9,0.0175,0.9967,0.1321,0.9740
87,10,0.0168,0.9967,0.1309,0.9740
87,11,0.0161,0.9967,0.1297,0.9740
87,12,0.0156,0.9967,0.1287,0.9740
87,13,0.0151,0.9935,0.1277,0.9740
87,14,0.0146,0.9935,0.1269,0.9740
87,15,0.0142,0.9935,0.1260,0.9740
87,16,0.0138,0.9935,0.1253,0.9740
87,17,0.0135,0.9935,0.1246,0.9740
87,18,0.0132,0.9935,0.1239,0.9740
87,19,0.0129,0.9935,0.1233,0.9740
87,20,0.0126,0.9935,0.1227,0.9734
87,21,0.0124,0.9935,0.1222,0.9734
87,22,0.0122,0.9935,0.1216,0.9734
87,23,0.0120,0.9935,0.1211,0.9734
87,24,0.0118,0.9935,0.1207,0.9727
87,25,0.0116,0.9935,0.1202,0.9727
87,26,0.0114,0.9935,0.1198,0.9727
87,27,0.0112,0.9935,0.1193,0.9727
87,28,0.0111,0.9935,0.1189,0.9727
87,29,0.0109,0.9935,0.1186,0.9727
87,30,0.0108,0.9935,0.1182,0.9727
87,31,0.0106,0.9935,0.1178,0.9727
87,32,0.0105,0.9935,0.1175,0.9727
87,33,0.0104,0.9935,0.1171,0.9727
87,34,0.0102,0.9935,0.1168,0.9727
87,35,0.0101,0.9935,0.1165,0.9727
87,36,0.0100,0.9935,0.1162,0.9727
87,37,0.0099,0.9935,0.1159,0.9727
87,38,0.0098,0.9935,0.1156,0.9727
87,39,0.0097,0.9935,0.1153,0.9727
87,40,0.0096,0.9935,0.1150,0.9727
101,1,0.0475,0.9902,0.1578,0.9740
101,2,0.0354,0.9935,0.1490,0.9734
101,3,0.0297,0.9935,0.1445,0.9734
101,4,0.0264,0.9935,0.1410,0.9734
101,5,0.0240,0.9967,0.1382,0.9734
101,6,0.0223,0.9967,0.1359,0.9740
101,7,0.0209,0.9935,0.1340,0.9740
101,8,0.0197,0.9935,0.1324,0.9740
101,9,0.0188,0.9935,0.1310,0.9734
101,10,0.0180,0.9935,0.1298,0.9734
101,11,0.0173,0.9935,0.1287,0.9734
101,12,0.0167,0.9935,0.1277,0.9727
101,13,0.0161,0.9935,0.1268,0.9727
101,14,0.0156,0.9935,0.1260,0.9727
101,15,0.0152,0.9935,0.1252,0.9727
101,16,0.0148,0.9935,0.1245,0.9727
101,17,0.0144,0.9935,0.1238,0.9727
101,18,0.0141,0.9935,0.1232,0.9727
101,19,0.0138,0.9935,0.1226,0.9727
101,20,0.0135,0.9935,0.1220,0.9727
101,21,0.0133,0.9935,0.1215,0.9727
101,22,0.0130,0.9935,0.1210,0.9727
101,23,0.0128,0.9935,0.1205,0.9727
101,24,0.0126,0.9935,0.1200,0.9727
101,25,0.0124,0.9935,0.1196,0.9721
101,26,0.0122,0.9935,0.1191,0.9709
101,27,0.0120,0.9935,0.1187,0.9709
101,28,0.0118,0.9935,0.1183,0.9709
101,29,0.0117,0.9935,0.1179,0.9709
101,30,0.0115,0.9935,0.1176,0.9709
101,31,0.0114,0.9935,0.1172,0.9709
101,32,0.0112,0.9935,0.1169,0.9709
101,33,0.0111,0.9935,0.1165,0.9709
101,34,0.0109,0.9935,0.1162,0.9709
101,35,0.0108,0.9935,0.1159,0.9709
101,36,0.0107,0.9935,0.1156,0.9709
101,37,0.0106,0.9935,0.1153,0.9709
101,38,0.0105,0.9935,0.1150,0.9709
101,39,0.0104,0.9935,0.1148,0.9709
101,40,0.0103,0.9935,0.1145,0.9709
133,1,0.0541,0.9870,0.1576,0.9740
133,2,0.0402,0.9870,0.1487,0.9740
133,3,0.0338,0.9870,0.1437,0.9734
133,4,0.0300,0.9902,0.1400,0.9734
133,5,0.0274,0.9935,0.1372,0.9734
133,6,0.0254,0.9935,0.1349,0.9734
133,7,0.0238,0.9935,0.1330,0.9734
133,8,0.0226,0.9935,0.1314,0.9734
133,9,0.0215,0.9935,0.1300,0.9734
133,10,0.0206,0.9935,0.1287,0.9734
133,11,0.0198,0.9935,0.1276,0.9727
133,12,0.0191,0.9935,0.1265,0.9727
133,13,0.0185,0.9935,0.1256,0.9727
133,14,0.0180,0.9935,0.1247,0.9727
133,15,0.0175,0.9935,0.1239,0.9727
133,16,0.0170,0.9935,0.1232,0.9727
133,17,0.0166,0.9935,0.1225,0.9727
133,18,0.0162,0.9935,0.1218,0.9727
133,19,0.0159,0.9935,0.1212,0.9727
133,20,0.0155,0.9935,0.1206,0.9727
133,21,0.0152,0.9935,0.1201,0.9721
133,22,0.0149,0.9935,0.1196,0.9721
133,23,0.0147,0.9935,0.1191,0.9721
133,24,0.0144,0.9935,0.1186,0.9721
133,25,0.0142,0.9935,0.1181,0.9721
133,26,0.0140,0.9935,0.1177,0.9721
133,27,0.0138,0.9935,0.1173,0.9721
133,28,0.0136,0.9935,0.1169,0.9721
133,29,0.0134,0.9935,0.1165,0.9715
133,30,0.0132,0.9935,0.1161,0.9715
133,31,0.0130,0.9935,0.1157,0.9715
133,32,0.0129,0.9935,0.1154,0.9715
133,33,0.0127,0.9935,0.1150,0.9715
133,34,0.0125,0.9935,0.1147,0.9715
133,35,0.0124,0.9935,0.1144,0.9715
133,36,0.0123,0.9935,0.1141,0.9721
133,37,0.0121,0.9935,0.1138,0.9721
133,38,0.0120,0.9935,0.1135,0.9721
133,39,0.0119,0.9935,0.1132,0.9721
133,40,0.0118,0.9935,0.1129,0.9721
165,1,0.0628,0.9870,0.1579,0.9734
165,2,0.0466,0.9870,0.1495,0.9734
165,3,0.0394,0.9870,0.1444,0.9740
165,4,0.0351,0.9902,0.1405,0.9734
165,5,0.0322,0.9902,0.1375,0.9734
165,6,0.0300,0.9935,0.1350,0.9734
165,7,0.0282,0.9935,0.1330,0.9734
165,8,0.0268,0.9935,0.1313,0.9734
165,9,0.0257,0.9935,0.1298,0.9734
165,10,0.0246,0.9935,0.1285,0.9734
165,11,0.0238,0.9935,0.1273,0.9734
165,12,0.0230,0.9935,0.1262,0.9734
165,13,0.0223,0.9935,0.1252,0.9734
165,14,0.0217,0.9935,0.1243,0.9734
165,15,0.0212,0.9935,0.1234,0.9734
165,16,0.0206,0.9935,0.1227,0.9734
165,17,0.0202,0.9935,0.1219,0.9734
165,18,0.0198,0.9935,0.1212,0.9734
165,19,0.0194,0.9935,0.1206,0.9734
165,20,0.0190,0.9935,0.1199,0.9734
165,21,0.0187,0.9935,0.1193,0.9734
165,22,0.0184,0.9935,0.1188,0.9734
165,23,0.0181,0.9935,0.1182,0.9734
165,24,0.0178,0.9935,0.1177,0.9734
165,25,0.0175,0.9935,0.1172,0.9734
165,26,0.0173,0.9935,0.1168,0.9734
165,27,0.0170,0.9935,0.1163,0.9734
165,28,0.0168,0.9935,0.1159,0.9734
165,29,0.0166,0.9935,0.1154,0.9734
165,30,0.0164,0.9935,0.1150,0.9734
165,31,0.0162,0.9935,0.1146,0.9734
165,32,0.0160,0.9935,0.1142,0.9734
165,33,0.0158,0.9935,0.1139,0.9734
165,34,0.0157,0.9935,0.1135,0.9734
165,35,0.0155,0.9935,0.1131,0.9734
165,36,0.0153,0.9935,0.1128,0.9734
165,37,0.0152,0.9935,0.1125,0.9734
165,38,0.0150,0.9935,0.1122,0.9734
165,39,0.0149,0.9935,0.1118,0.9734
165,40,0.0148,0.9935,0.1115,0.9734
197,1,0.0723,0.9870,0.1610,0.9734
197,2,0.0535,0.9870,0.1527,0.9734
197,3,0.0452,0.9870,0.1472,0.9740
197,4,0.0402,0.9902,0.1432,0.9740
197,5,0.0368,0.9935,0.1402,0.9740
197,6,0.0342,0.9935,0.1377,0.9740
197,7,0.0321,0.9935,0.1356,0.9740
197,8,0.0304,0.9935,0.1339,0.9746
197,9,0.0290,0.9935,0.1323,0.9746
197,10,0.0278,0.9935,0.1310,0.9746
197,11,0.0268,0.9935,0.1297,0.9746
197,12,0.0259,0.9935,0.1286,0.9746
197,13,0.0251,0.9935,0.1276,0.9746
197,14,0.0244,0.9935,0.1267,0.9746
197,15,0.0237,0.9935,0.1258,0.9740
197,16,0.0231,0.9935,0.1250,0.9740
197,17,0.0226,0.9935,0.1242,0.9740
197,18,0.0221,0.9935,0.1235,0.9740
197,19,0.0216,0.9935,0.1228,0.9740
197,20,0.0212,0.9935,0.1222,0.9740
197,21,0.0208,0.9935,0.1216,0.9740
197,22,0.0204,0.9935,0.1210,0.9740
197,23,0.0201,0.9935,0.1204,0.9740
197,24,0.0197,0.9935,0.1199,0.9740
197,25,0.0194,0.9935,0.1194,0.9740
197,26,0.0191,0.9935,0.1189,0.9740
197,27,0.0188,0.9935,0.1184,0.9746
197,28,0.0186,0.9935,0.1180,0.9746
197,29,0.0183,0.9935,0.1175,0.9746
197,30,0.0181,0.9935,0.1171,0.9746
197,31,0.0178,0.9935,0.1167,0.9746
197,32,0.0176,0.9935,0.1163,0.9746
197,33,0.0174,0.9935,0.1159,0.9746
197,34,0.0172,0.9935,0.1155,0.9746
197,35,0.0170,0.9935,0.1152,0.9746
197,36,0.0168,0.9935,0.1148,0.9746
197,37,0.0166,0.9935,0.1145,0.9752
197,38,0.0165,0.9935,0.1141,0.9752
197,39,0.0163,0.9935,0.1138,0.9752
197,40,0.0162,0.9935,0.1135,0.9752
229,1,0.0895,0.9805,0.1667,0.9727
229,2,0.0676,0.9870,0.1578,0.9734
229,3,0.0575,0.9870,0.1520,0.9746
229,4,0.0514,0.9870,0.1478,0.9752
229,5,0.0471,0.9870,0.1446,0.9752
229,6,0.0439,0.9870,0.1420,0.9752
229,7,0.0413,0.9902,0.1399,0.9752
229,8,0.0393,0.9935,0.1381,0.9752
229,9,0.0375,0.9935,0.1365,0.9752
229,10,0.0360,0.9935,0.1351,0.9752
229,11,0.0347,0.9935,0.1339,0.9752
229,12,0.0336,0.9935,0.1327,0.9752
229,13,0.0326,0.9935,0.1317,0.9752
229,14,0.0317,0.9935,0.1308,0.9752
229,15,0.0309,0.9935,0.1299,0.9752
229,16,0.0301,0.9935,0.1291,0.9752
229,17,0.0294,0.9935,0.1283,0.9752
229,18,0.0288,0.9935,0.1276,0.9752
229,19,0.0282,0.9935,0.1270,0.9752
229,20,0.0276,0.9935,0.1263,0.9752
229,21,0.0271,0.9935,0.1258,0.9752
229,22,0.0267,0.9935,0.1252,0.9752
229,23,0.0262,0.9935,0.1246,0.9752
229,24,0.0258,0.9935,0.1241,0.9752
229,25,0.0254,0.9935,0.1236,0.9752
229,26,0.0250,0.9935,0.1232,0.9752
229,27,0.0247,0.9935,0.1227,0.9752
229,28,0.0243,0.9935,0.1223,0.9752
229,29,0.0240,0.9935,0.1219,0.9752
229,30,0.0237,0.9935,0.1214,0.9752
229,31,0.0234,0.9935,0.1211,0.9752
229,32,0.0231,0.9935,0.1207,0.9752
229,33,0.0228,0.9935,0.1203,0.9752
229,34,0.0226,0.9935,0.1200,0.9752
229,35,0.0223,0.9935,0.1196,0.9752
229,36,0.0221,0.9935,0.1193,0.9752
229,37,0.0219,0.9935,0.1190,0.9752
229,38,0.0216,0.9935,0.1186,0.9752
229,39,0.0214,0.9935,0.1183,0.9752
229,40,0.0212,0.9935,0.1180,0.9752
249,1,0.1052,0.9805,0.1747,0.9727
249,2,0.0810,0.9837,0.1651,0.9734
249,3,0.0696,0.9870,0.1589,0.9740
249,4,0.0625,0.9870,0.1544,0.9746
249,5,0.0576,0.9870,0.1511,0.9752
249,6,0.0539,0.9870,0.1484,0.9752
249,7,0.0509,0.9870,0.1462,0.9752
249,8,0.0485,0.9870,0.1444,0.9752
249,9,0.0465,0.9870,0.1428,0.9752
249,10,0.0447,0.9870,0.1413,0.9752
249,11,0.0432,0.9870,0.1401,0.9752
249,12,0.0419,0.9870,0.1389,0.9752
249,13,0.0407,0.9902,0.1379,0.9752
249,14,0.0396,0.9902,0.1370,0.9752
249,15,0.0386,0.9902,0.1361,0.9752
249,16,0.0378,0.9902,0.1353,0.9752
249,17,0.0369,0.9902,0.1345,0.9752
249,18,0.0362,0.9902,0.1338,0.9752
249,19,0.0355,0.9902,0.1331,0.9752
249,20,0.0348,0.9902,0.1325,0.9752
249,21,0.0342,0.9902,0.1319,0.9752
249,22,0.0337,0.9935,0.1314,0.9752
249,23,0.0331,0.9935,0.1308,0.9752
249,24,0.0326,0.9935,0.1303,0.9752
249,25,0.0321,0.9935,0.1299,0.9752
249,26,0.0317,0.9935,0.1294,0.9752
249,27,0.0313,0.9935,0.1290,0.9752
249,28,0.0309,0.9935,0.1285,0.9752
249,29,0.0305,0.9935,0.1281,0.9752
249,30,0.0301,0.9935,0.1277,0.9752
249,31,0.0297,0.9935,0.1274,0.9752
249,32,0.0294,0.9935,0.1270,0.9752
249,33,0.0291,0.9935,0.1266,0.9752
249,34,0.0288,0.9935,0.1263,0.9752
249,35,0.0285,0.9935,0.1260,0.9752
249,36,0.0282,0.9935,0.1256,0.9752
249,37,0.0279,0.9935,0.1253,0.9752
249,38,0.0276,0.9935,0.1250,0.9752
249,39,0.0274,0.9935,0.1247,0.9752
249,40,0.0271,0.9935,0.1245,0.9752
280,1,0.1900,0.9511,0.2115,0.9727
280,2,0.1594,0.9609,0.2009,0.9727
280,3,0.1440,0.9609,0.1934,0.9727
280,4,0.1341,0.9642,0.1882,0.9727
280,5,0.1268,0.9707,0.1842,0.9727
280,6,0.1212,0.9707,0.1811,0.9727
280,7,0.1167,0.9707,0.1785,0.9734
280,8,0.1129,0.9707,0.1764,0.9734
280,9,0.1096,0.9707,0.1745,0.9734
280,10,0.1068,0.9707,0.1728,0.9734
280,11,0.1043,0.9739,0.1714,0.9740
280,12,0.1021,0.9772,0.1700,0.9740
280,13,0.1001,0.9772,0.1688,0.9740
280,14,0.0983,0.9772,0.1677,0.9740
280,15,0.0966,0.9772,0.1667,0.9746
280,16,0.0951,0.9772,0.1658,0.9746
280,17,0.0937,0.9772,0.1650,0.9746
280,18,0.0924,0.9772,0.1642,0.9746
280,19,0.0912,0.9772,0.1634,0.9746
280,20,0.0900,0.9772,0.1627,0.9746
280,21,0.0889,0.9772,0.1620,0.9746
280,22,0.0879,0.9772,0.1614,0.9746
280,23,0.0870,0.9837,0.1608,0.9752
280,24,0.0861,0.9837,0.1602,0.9752
280,25,0.0852,0.9837,0.1597,0.9752
280,26,0.0844,0.9837,0.1592,0.9752
280,27,0.0836,0.9837,0.1587,0.9752
280,28,0.0829,0.9837,0.1582,0.9752
280,29,0.0821,0.9837,0.1578,0.9752
280,30,0.0815,0.9870,0.1573,0.9752
280,31,0.0808,0.9870,0.1569,0.9752
280,32,0.0802,0.9870,0.1565,0.9752
280,33,0.0796,0.9870,0.1561,0.9752
280,34,0.0790,0.9870,0.1558,0.9752
280,35,0.0784,0.9870,0.1554,0.9752
280,36,0.0779,0.9870,0.1551,0.9752
280,37,0.0774,0.9870,0.1547,0.9752
280,38,0.0769,0.9870,0.1544,0.9752
280,39,0.0764,0.9870,0.1541,0.9752
280,40,0.0759,0.9870,0.1538,0.9752
311,1,0.4415,0.7752,0.3155,0.9727
311,2,0.4156,0.7818,0.3193,0.9721
311,3,0.4023,0.7948,0.3176,0.9715
311,4,0.3935,0.7948,0.3158,0.9715
311,5,0.3869,0.8046,0.3143,0.9715
311,6,0.3816,0.8078,0.3130,0.9715
311,7,0.3773,0.8078,0.3118,0.9715
311,8,0.3737,0.8111,0.3108,0.9715
311,9,0.3705,0.8143,0.3100,0.9715
311,10,0.3677,0.8241,0.3092,0.9715
311,11,0.3652,0.8274,0.3085,0.9715
311,12,0.3630,0.8274,0.3078,0.9715
311,13,0.3609,0.8306,0.3072,0.9715
311,14,0.3591,0.8339,0.3066,0.9715
311,15,0.3574,0.8371,0.3061,0.9715
311,16,0.3558,0.8404,0.3056,0.9715
311,17,0.3543,0.8404,0.3051,0.9715
311,18,0.3529,0.8404,0.3047,0.9715
311,19,0.3517,0.8469,0.3043,0.9715
311,20,0.3504,0.8469,0.3039,0.9715
311,21,0.3493,0.8534,0.3035,0.9715
311,22,0.3482,0.8534,0.3032,0.9715
311,23,0.3472,0.8567,0.3028,0.9715
311,24,0.3462,0.8599,0.3025,0.9715
311,25,0.3453,0.8632,0.3022,0.9715
311,26,0.3444,0.8632,0.3019,0.9715
311,27,0.3435,0.8632,0.3016,0.9715
311,28,0.3427,0.8632,0.3013,0.9715
311,29,0.3419,0.8632,0.3010,0.9715
311,30,0.3412,0.8664,0.3008,0.9715
311,31,0.3404,0.8664,0.3005,0.9715
311,32,0.3397,0.8664,0.3003,0.9715
311,33,0.3391,0.8664,0.3000,0.9715
311,34,0.3384,0.8664,0.2998,0.9715
311,35,0.3378,0.8664,0.2996,0.9715
311,36,0.3372,0.8664,0.2994,0.9715
311,37,0.3366,0.8664,0.2992,0.9715
311,38,0.3360,0.8664,0.2990,0.9715
311,39,0.3355,0.8664,0.2988,0.9715
311,40,0.3349,0.8664,0.2986,0.9715
313,1,0.6970,0.5798,0.6833,0.4994
313,2,0.6885,0.6124,0.6645,0.5607
313,3,0.6837,0.6221,0.6537,0.5886
313,4,0.6804,0.6450,0.6463,0.6097
313,5,0.6780,0.6384,0.6405,0.6295
313,6,0.6760,0.6450,0.6359,0.6394
313,7,0.6743,0.6450,0.6320,0.6555
313,8,0.6729,0.6482,0.6287,0.6629
313,9,0.6716,0.6515,0.6257,0.6698
313,10,0.6705,0.6482,0.6231,0.6803
313,11,0.6695,0.6482,0.6208,0.6871
313,12,0.6687,0.6580,0.6186,0.6902
313,13,0.6678,0.6612,0.6167,0.6952
313,14,0.6671,0.6612,0.6148,0.7026
313,15,0.6664,0.6678,0.6132,0.7076
313,16,0.6657,0.6678,0.6116,0.7125
313,17,0.6651,0.6678,0.6101,0.7156
313,18,0.6646,0.6678,0.6087,0.7193
313,19,0.6640,0.6678,0.6074,0.7243
313,20,0.6635,0.6678,0.6062,0.7261
313,21,0.6630,0.6678,0.6050,0.7311
313,22,0.6626,0.6678,0.6039,0.7330
313,23,0.6622,0.6710,0.6028,0.7367
313,24,0.6618,0.6743,0.6018,0.7416
313,25,0.6614,0.6743,0.6008,0.7454
313,26,0.6610,0.6743,0.5999,0.7491
313,27,0.6606,0.6743,0.5990,0.7503
313,28,0.6603,0.6743,0.5981,0.7522
313,29,0.6599,0.6743,0.5973,0.7559
313,30,0.6596,0.6743,0.5965,0.7584
313,31,0.6593,0.6743,0.5957,0.7608
313,32,0.6590,0.6743,0.5950,0.7633
313,33,0.6587,0.6743,0.5942,0.7652
313,34,0.6584,0.6743,0.5935,0.7658
313,35,0.6582,0.6710,0.5928,0.7683
313,36,0.6579,0.6710,0.5922,0.7695
313,37,0.6576,0.6710,0.5915,0.7708
313,38,0.6574,0.6678,0.5909,0.7720
313,39,0.6571,0.6678,0.5903,0.7732
313,40,0.6569,0.6678,0.5897,0.7745
