300,350,0.41079942232
299,350,0.412097623405
298,350,0.413403998642
297,350,0.414718630599
296,350,0.416041602959
295,350,0.417373000539
294,350,0.418712909311
293,350,0.42006141642
292,350,0.421418610206
291,350,0.422784580221
290,350,0.424159417255
289,350,0.425543213352
288,350,0.426936061835
287,350,0.428338057331
286,350,0.429749295785
285,350,0.431169767551
284,350,0.432599635036
283,350,0.434038997841
282,350,0.435487956981
281,350,0.436946614907
280,350,0.438415075536
279,350,0.439893444272
278,350,0.441381828037
277,350,0.442880335298
276,350,0.444389076092
275,350,0.445908162058
274,350,0.447437706465
273,350,0.448819331623
272,350,0.450209668506
271,350,0.451608813553
270,350,0.453016864633
269,350,0.454433921069
268,350,0.455860083668
267,350,0.457295454746
266,350,0.458740138158
265,350,0.460194239327
264,350,0.461657865273
263,350,0.463131124643
262,350,0.464614127744
261,350,0.466106986573
260,350,0.467609814849
259,350,0.469122728049
258,350,0.47064584344
257,350,0.472179280113
256,350,0.473723159021
255,350,0.475277603013
254,350,0.476350610889
253,350,0.477430545068
252,350,0.478517488006
251,350,0.479611523471
250,350,0.480352414938
249,350,0.481097162466
248,350,0.481845812702
247,350,0.482598413046
246,350,0.483355011672
245,350,0.484115657537
244,350,0.484880400403
243,350,0.48564929085
242,350,0.486422380294
241,350,0.487199721004
240,350,0.487981366123
239,350,0.488767369679
238,350,0.489557786612
237,350,0.490352672786
236,350,0.491152085015
235,350,0.491956081077
234,350,0.49276471974
233,350,0.493578060779
232,350,0.494396165002
231,350,0.495219094267
230,350,0.496046911511
229,350,0.496879680767
228,350,0.497717467194
227,350,0.498560337098
226,350,0.499408357959
225,350,0.500261598456
224,350,0.501120128495
223,350,0.501984019236
222,350,0.502853343121
221,350,0.503728173902
220,350,0.504608586675
219,350,0.505494657904
218,350,0.506386465458
217,350,0.507284088641
216,350,0.508187608226
215,350,0.509097106489
214,350,0.510012667241
213,350,0.510934375872
212,350,0.511862319378
211,350,0.512796586408
210,350,0.513737267297
209,350,0.514684454111
208,350,0.515638240684
207,350,0.516598722666
206,350,0.517565997563
205,350,0.518540164783
204,350,0.519521325683
203,350,0.520509583619
202,350,0.521505043992
201,350,0.522507814302
200,350,0.523518004196
199,350,0.524535725529
198,350,0.525561092413
197,350,0.526594221278
196,350,0.527635230929
195,350,0.52868424261
194,350,0.529741380062
193,350,0.530806769594
192,350,0.531880540145
191,350,0.532962823352
190,350,0.534053753627
189,350,0.535153468225
188,350,0.536262107321
187,350,0.537379814088
186,350,0.53850673478
185,350,0.539643018812
184,350,0.540788818846
183,350,0.541944290883
182,350,0.543109594352
181,350,0.544284892203
180,350,0.545470351011
179,350,0.546666141071
178,350,0.547872436504
177,350,0.549089415368
176,350,0.550317259768
175,350,0.565600320205
174,350,0.566875985252
173,350,0.568163087602
172,350,0.569461826745
171,350,0.570772406832
170,350,0.572095036824
169,350,0.573429930623
168,350,0.574777307225
167,350,0.576137390873
166,350,0.577510411213
165,350,0.578896603456
164,350,0.580296208552
163,350,0.581709473364
162,350,0.583136650849
161,350,0.584578000249
160,350,0.586033787289
159,350,0.587504284376
158,350,0.588989770814
157,350,0.590490533026
156,350,0.592006864775
155,350,0.593539067407
154,350,0.595087450096
153,350,0.596652330098
152,350,0.597453965317
151,350,0.598262150152
150,350,0.599077015596
149,350,0.599898696158
148,350,0.600727329982
147,350,0.601563058971
146,350,0.602406028916
145,350,0.603256389631
144,350,0.60411429509
143,350,0.60584180391
142,350,0.606721136838
141,350,0.607608502888
140,350,0.608504074198
139,350,0.609408027859
138,350,0.610320546098
137,350,0.626387302366
136,350,0.627298151314
135,350,0.628218144227
134,350,0.629147485822
133,350,0.630086386971
132,350,0.631035064936
131,350,0.631993743615
130,350,0.632962653792
129,350,0.63394203341
128,350,0.634932127846
127,350,0.635933190206
126,350,0.636945481631
125,350,0.645976601883
124,350,0.646967560252
123,350,0.647970582613
122,350,0.648985965621
121,350,0.650014015739
120,350,0.651055049643
119,350,0.652109394658
118,350,0.653177389199
117,350,0.654259383257
116,350,0.667695799459
115,350,0.668805681026
114,350,0.669930686609
113,350,0.671071217732
112,350,0.672227690257
111,350,0.673400535033
110,350,0.674590198576
109,350,0.675797143787
108,350,0.677021850714
107,350,0.678264817347
106,350,0.679526560472
105,350,0.680807616559
104,350,0.682108542713
103,350,0.683429917674
102,350,0.684772342877
101,350,0.686136443578
100,350,0.68752287004
99,350,0.688932298803
98,350,0.690365434017
97,350,0.691823008874
96,350,0.693305787111
95,350,0.695949590214
94,350,0.69749089039
93,350,0.699059885059
92,350,0.700657477303
91,350,0.710013559903
90,350,0.711028900818
89,350,0.712055217024
88,350,0.713092882681
87,350,0.723285698712
86,350,0.724334573321
85,350,0.725396027139
84,350,0.726470509425
83,350,0.729169364657
82,350,0.73025636619
81,350,0.731357879248
80,350,0.732474448012
79,350,0.733606644218
78,350,0.734755068921
77,350,0.7359203544
76,350,0.738395326886
75,350,0.739269174423
74,350,0.740143021961
73,350,0.741016869498
72,350,0.741890717036
71,350,0.744024270339
70,350,0.751335694325
69,350,0.752198883396
68,350,0.756913316
67,350,0.75775111467
66,350,0.75858891334
65,350,0.75942671201
64,350,0.76026451068
63,350,0.76110230935
62,350,0.762213536615
61,350,0.763047823948
60,350,0.76388211128
59,350,0.764716398613
58,350,0.769960999731
57,350,0.772102513979
56,350,0.772926343128
55,350,0.773750172277
54,350,0.776261736318
53,350,0.777070537846
52,350,0.777879339373
51,350,0.778743609948
50,350,0.782588993555
49,350,0.783382194306
48,350,0.784175395056
47,350,0.786329882331
46,350,0.801305995859
45,350,0.802735430727
44,350,0.803431970605
43,350,0.806133715684
42,350,0.806818895266
41,350,0.807510990706
40,350,0.809577445076
39,350,0.810576714123
38,350,0.827817468035
37,350,0.828561032211
36,350,0.829304596388
35,350,0.832338635159
34,350,0.833210111723
33,350,0.83394967534
32,350,0.834689238957
31,350,0.837415722182
30,350,0.84471592898
29,350,0.845748907556
28,350,0.847769600568
27,350,0.848428705333
26,350,0.85070673857
25,350,0.863309895705
24,350,0.863898001173
23,350,0.868541157297
22,350,0.870429344986
21,350,0.871032473431
20,350,0.872960888066
19,350,0.88261717614
18,350,0.884024484008
17,350,0.885781783583
16,350,0.887523899333
15,350,0.895697607344
14,350,0.897302555312
13,350,0.900258174647
12,350,0.904714261294
11,350,0.910392978169
10,350,0.912952131311
9,350,0.917592862036
8,350,0.922702573182
7,350,0.92852171414
6,350,0.935341093273
5,350,0.943956176506
4,350,0.954015732623
3,350,0.9672068354
2,350,0.983320241067
1,350,0.997774285181
