300,301,0.359992014814
300,251,0.375444577321
300,201,0.407617553789
300,151,0.419957543898
300,101,0.429425429119
300,1,0.350416666667
300,51,0.451151960784
299,301,0.36082264682
299,251,0.376329043273
299,201,0.408620941067
299,151,0.420999419057
299,101,0.43048254551
299,1,0.351170568562
299,51,0.452242770018
298,301,0.361658712674
298,251,0.377219298062
298,201,0.409630882872
298,151,0.422048114907
298,101,0.431546632813
298,1,0.351929530201
298,51,0.453340900118
297,301,0.362500267262
297,251,0.378115400158
297,201,0.410647445414
297,151,0.423103700346
297,101,0.43261776144
297,1,0.352693602694
297,51,0.454446425035
296,301,0.363347366214
296,251,0.379017408826
296,201,0.411670695792
296,151,0.424166245199
296,101,0.433696002756
296,1,0.353462837838
296,51,0.455559419714
295,301,0.364200065913
295,251,0.379925384133
295,201,0.41270070202
295,151,0.425235820241
295,101,0.434781429093
295,1,0.354237288136
295,51,0.45667996012
294,301,0.36505842351
294,251,0.380839386963
294,201,0.413737533035
294,151,0.426312497209
294,101,0.435874113769
294,1,0.355017006803
294,51,0.457808123249
293,301,0.365922496935
293,251,0.38175947903
293,201,0.414781258715
293,151,0.427396348817
293,101,0.4369741311
293,1,0.355802047782
293,51,0.458943987151
292,301,0.366792344913
292,251,0.382685722896
292,201,0.415831949895
292,151,0.428487448778
292,101,0.438081556421
292,1,0.356592465753
292,51,0.460087630943
291,301,0.367668026975
291,251,0.383618181982
291,201,0.416889678385
291,151,0.429585871819
291,101,0.439196466105
291,1,0.357388316151
291,51,0.461239134829
290,301,0.368549603473
290,251,0.384556920581
290,201,0.417954516985
290,151,0.430691693693
290,101,0.440318937575
290,1,0.358189655172
290,51,0.462398580122
289,301,0.369437135596
289,251,0.385502003881
289,201,0.419026539501
289,151,0.431804991207
289,101,0.441449049328
289,1,0.358996539792
289,51,0.463566049257
288,301,0.370330685381
288,251,0.386453497971
288,201,0.420105820767
288,151,0.432925842231
288,101,0.442586880949
288,1,0.359809027778
288,51,0.464741625817
287,301,0.371230315731
287,251,0.387411469863
287,201,0.421192436658
287,151,0.434054325721
287,101,0.443732513135
287,1,0.3606271777
287,51,0.465925394548
286,301,0.372136090428
286,251,0.388375987506
286,201,0.422286464111
286,151,0.43519052174
286,101,0.444886027709
286,1,0.361451048951
286,51,0.467117441382
285,301,0.372890912951
285,251,0.389143218611
285,201,0.423085000397
285,151,0.4359940876
285,101,0.445617538203
285,1,0.361842105263
285,51,0.467879256966
284,301,0.373650163342
284,251,0.389915029984
284,201,0.423888539136
284,151,0.436802808983
284,101,0.446354040072
284,1,0.362235915493
284,51,0.468646437448
283,301,0.374413888539
283,251,0.390691470178
283,201,0.424697133358
283,151,0.437616740541
283,101,0.44709558623
283,1,0.362632508834
283,51,0.469419039701
282,301,0.375182136146
282,251,0.391472588438
282,201,0.425510836845
282,151,0.438435937702
282,101,0.447842230337
282,1,0.363031914894
282,51,0.470197121402
281,301,0.375954954446
281,251,0.392258434706
281,201,0.426329704144
281,151,0.439260456681
281,101,0.448594026821
281,1,0.363434163701
281,51,0.470980741051
280,301,0.37673239241
280,251,0.393049059639
280,201,0.427153790582
280,151,0.440090354498
280,101,0.449351030886
280,1,0.363839285714
280,51,0.471769957983
279,301,0.377514499712
279,251,0.393844514622
279,201,0.427983152278
279,151,0.44092568899
279,101,0.450113298528
279,1,0.364247311828
279,51,0.472564832385
278,301,0.378301326741
278,251,0.394644851777
278,201,0.428817846159
278,151,0.441766518827
278,101,0.450880886547
278,1,0.364658273381
278,51,0.473365425307
277,301,0.379092924612
277,251,0.395450123979
277,201,0.429657929976
277,151,0.442612903525
277,101,0.451653852565
277,1,0.365072202166
277,51,0.474171798683
276,301,0.379889345183
276,251,0.396260384871
276,201,0.430503462314
276,151,0.443464903462
276,101,0.452432255038
276,1,0.365489130435
276,51,0.474984015345
275,301,0.380690641065
275,251,0.397075688875
275,201,0.431354502611
275,151,0.444322579895
275,101,0.453216153274
275,1,0.365909090909
275,51,0.475802139037
274,301,0.381496865637
274,251,0.397896091206
274,201,0.432211111174
274,151,0.445185994977
274,101,0.454005607445
274,1,0.366332116788
274,51,0.476626234435
273,301,0.382163021968
273,251,0.39854888973
273,201,0.432811197247
273,151,0.445756061268
273,101,0.454541109572
273,1,0.366758241758
273,51,0.477099716261
272,301,0.382832323857
272,251,0.399204833812
272,201,0.433414428879
272,151,0.446329273118
272,101,0.455079757259
272,1,0.3671875
272,51,0.477576331359
271,301,0.383504806128
271,251,0.399863958276
271,201,0.434020840891
271,151,0.446905665348
271,101,0.455621585327
271,1,0.367619926199
271,51,0.478056114414
270,301,0.384180504117
270,251,0.400526298458
270,201,0.434630468622
270,151,0.447485273297
270,101,0.456166629114
270,1,0.368055555556
270,51,0.478539100627
269,301,0.384859453687
269,251,0.401191890221
269,201,0.435243347935
269,151,0.448068132828
269,101,0.456714924481
269,1,0.368494423792
269,51,0.479025325719
268,301,0.385541691237
268,251,0.401860769965
268,201,0.435859515227
268,151,0.448654280338
268,101,0.457266507829
268,1,0.368936567164
268,51,0.479514825947
267,301,0.386227253711
267,251,0.402532974631
267,201,0.436479007443
267,151,0.449243752771
267,101,0.4578214161
267,1,0.369382022472
267,51,0.480007638111
266,301,0.386916178607
266,251,0.40320854172
266,201,0.437101862081
266,151,0.449836587627
266,101,0.458379686793
266,1,0.369830827068
266,51,0.480503799563
265,301,0.387608503991
265,251,0.403887509297
265,201,0.437728117207
265,151,0.450432822971
265,101,0.458941357974
265,1,0.370283018868
265,51,0.481003348219
264,301,0.388304268504
264,251,0.404569916004
264,201,0.438357811462
264,151,0.451032497444
264,101,0.459506468285
264,1,0.370738636364
264,51,0.481506322571
263,301,0.389003511376
263,251,0.405255801069
263,201,0.438990984076
263,151,0.451635650277
263,101,0.460075056954
263,1,0.371197718631
263,51,0.482012761694
262,301,0.389706272436
262,251,0.405945204322
262,201,0.439627674879
262,151,0.452242321297
262,101,0.460647163812
262,1,0.371660305344
262,51,0.482522705263
261,301,0.390412592123
261,251,0.406638166202
261,201,0.440267924307
261,151,0.452852550944
261,101,0.461222829296
261,1,0.372126436782
261,51,0.483036193557
260,301,0.391122511498
260,251,0.40733472777
260,201,0.440911773424
260,151,0.453466380278
260,101,0.461802094468
260,1,0.372596153846
260,51,0.483553267477
259,301,0.391836072255
259,251,0.40803493072
259,201,0.441559263924
259,151,0.454083850996
259,101,0.462385001023
259,1,0.373069498069
259,51,0.484073968557
258,301,0.392553316737
258,251,0.408738817395
258,201,0.442210438148
258,151,0.454705005438
258,101,0.462971591302
258,1,0.373546511628
258,51,0.484598338971
257,301,0.393274287945
257,251,0.409446430796
257,201,0.442865339097
257,151,0.455329886605
257,101,0.463561908307
257,1,0.374027237354
257,51,0.485126421553
256,301,0.39399902955
256,251,0.410157814594
256,201,0.443524010444
256,151,0.45595853817
256,101,0.464155995709
256,1,0.37451171875
256,51,0.485658259805
255,301,0.39472758591
255,251,0.410873013148
255,201,0.444186496547
255,151,0.456591004491
255,101,0.464753897867
255,1,0.375
255,51,0.486193897911
254,301,0.394967876099
254,251,0.411099945529
254,201,0.444360716477
254,151,0.456735204639
254,101,0.464863533853
254,1,0.375
254,51,0.486241254767
253,301,0.395208181543
253,251,0.411326893166
253,201,0.444534951664
253,151,0.456879420043
253,101,0.464973185094
253,1,0.375
253,51,0.486288611623
252,301,0.395448502425
252,251,0.411553856241
252,201,0.444709202288
252,151,0.457023650885
252,101,0.465082851774
252,1,0.375
252,51,0.486335968479
251,301,0.395688838929
251,251,0.411780834939
251,201,0.444883468534
251,151,0.45716789735
251,101,0.465192534075
251,1,0.375
251,51,0.486383325335
250,301,0.395929191243
250,251,0.412007829446
250,201,0.445057750591
250,151,0.457312159624
250,101,0.465302232187
250,1,0.375
250,51,0.486430682191
249,301,0.396169559558
249,251,0.412234839953
249,201,0.445232048647
249,151,0.457456437898
249,101,0.465411946299
249,1,0.375
249,51,0.486478039047
248,301,0.396409944066
248,251,0.412461866655
248,201,0.445406362897
248,151,0.457600732366
248,101,0.465521676604
248,1,0.375
248,51,0.486525395903
247,301,0.396650344965
247,251,0.412688909746
247,201,0.445580693538
247,151,0.457745043225
247,101,0.4656314233
247,1,0.375
247,51,0.486572752759
246,301,0.396890762454
246,251,0.412915969429
246,201,0.445755040769
246,151,0.457889370674
246,101,0.465741186586
246,1,0.375
246,51,0.486620109615
245,301,0.397131196736
245,251,0.413143045904
245,201,0.445929404794
245,151,0.458033714917
245,101,0.465850966666
245,1,0.375
245,51,0.486667466471
244,301,0.397371648019
244,251,0.41337013938
244,201,0.446103785819
244,151,0.458178076159
244,101,0.465960763746
244,1,0.375
244,51,0.486714823327
243,301,0.397612116511
243,251,0.413597250066
243,201,0.446278184053
243,151,0.458322454612
243,101,0.466070578036
243,1,0.375
243,51,0.486762180183
242,301,0.397852602427
242,251,0.413824378174
242,201,0.446452599711
242,151,0.458466850487
242,101,0.466180409749
242,1,0.375
242,51,0.486809537039
241,301,0.398093105983
241,251,0.414051523923
241,201,0.446627033009
241,151,0.458611264003
241,101,0.466290259102
241,1,0.375
241,51,0.486856893895
240,301,0.398333627399
240,251,0.414278687533
240,201,0.446801484167
240,151,0.45875569538
240,101,0.466400126316
240,1,0.375
240,51,0.486904250751
239,301,0.3985741669
239,251,0.414505869227
239,201,0.446975953411
239,151,0.458900144841
239,101,0.466510011615
239,1,0.375
239,51,0.486951607607
238,301,0.398814724714
238,251,0.414733069234
238,201,0.447150440967
238,151,0.459044612615
238,101,0.466619915226
238,1,0.375
238,51,0.486998964463
237,301,0.399055301073
237,251,0.414960287786
237,201,0.447324947067
237,151,0.459189098933
237,101,0.466729837382
237,1,0.375
237,51,0.487046321319
236,301,0.399295896212
236,251,0.415187525118
236,201,0.447499471948
236,151,0.459333604032
236,101,0.466839778318
236,1,0.375
236,51,0.487093678175
235,301,0.399536510371
235,251,0.41541478147
235,201,0.447674015849
235,151,0.459478128151
235,101,0.466949738274
235,1,0.375
235,51,0.487141035031
234,301,0.399777143794
234,251,0.415642057085
234,201,0.447848579014
234,151,0.459622671534
234,101,0.467059717494
234,1,0.375
234,51,0.487188391887
233,301,0.400017796728
233,251,0.415869352213
233,201,0.448023161691
233,151,0.459767234429
233,101,0.467169716226
233,1,0.375
233,51,0.487235748743
232,301,0.400258469427
232,251,0.416096667105
232,201,0.448197764132
232,151,0.459911817088
232,101,0.467279734723
232,1,0.375
232,51,0.487283105599
231,301,0.400499162147
231,251,0.416324002018
231,201,0.448372386594
231,151,0.460056419768
231,101,0.46738977324
231,1,0.375
231,51,0.487330462455
230,301,0.400739875149
230,251,0.416551357213
230,201,0.448547029338
230,151,0.46020104273
230,101,0.467499832039
230,1,0.375
230,51,0.487377819311
229,301,0.400980608699
229,251,0.416778732956
229,201,0.44872169263
229,151,0.460345686239
229,101,0.467609911386
229,1,0.375
229,51,0.487425176168
228,301,0.401221363067
228,251,0.417006129517
228,201,0.44889637674
228,151,0.460490350567
228,101,0.467720011552
228,1,0.375
228,51,0.487472533024
227,301,0.401462138528
227,251,0.417233547172
227,201,0.449071081943
227,151,0.460635035989
227,101,0.46783013281
227,1,0.375
227,51,0.48751988988
226,301,0.401702935362
226,251,0.417460986199
226,201,0.44924580852
226,151,0.460779742783
226,101,0.467940275442
226,1,0.375
226,51,0.487567246736
225,301,0.401943753855
225,251,0.417688446885
225,201,0.449420556755
225,151,0.460924471236
225,101,0.468050439732
225,1,0.375
225,51,0.487614603592
224,301,0.402184594296
224,251,0.417915929519
224,201,0.449595326938
224,151,0.461069221637
224,101,0.46816062597
224,1,0.375
224,51,0.487661960448
223,301,0.402425456981
223,251,0.418143434397
223,201,0.449770119364
223,151,0.461213994281
223,101,0.468270834452
223,1,0.375
223,51,0.487709317304
222,301,0.402666342209
222,251,0.418370961818
222,201,0.449944934335
222,151,0.46135878947
222,101,0.468381065478
222,1,0.375
222,51,0.48775667416
221,301,0.402907250288
221,251,0.41859851209
221,201,0.450119772156
221,151,0.461503607509
221,101,0.468491319355
221,1,0.375
221,51,0.487804031016
220,301,0.403148181529
220,251,0.418826085524
220,201,0.450294633139
220,151,0.46164844871
220,101,0.468601596393
220,1,0.375
220,51,0.487851387872
219,301,0.403389136249
219,251,0.419053682437
219,201,0.450469517601
219,151,0.461793313389
219,101,0.46871189691
219,1,0.375
219,51,0.487898744728
218,301,0.408207336014
218,251,0.424063763761
218,201,0.456481468193
218,151,0.467519808114
218,101,0.472845742164
218,1,0.375
218,51,0.487946101584
217,301,0.408430696959
217,251,0.424273148604
217,201,0.456635230175
217,151,0.467644213202
217,101,0.472940197479
217,1,0.375
217,51,0.48799345844
216,301,0.408654082371
216,251,0.424482557915
216,201,0.456789016624
216,151,0.467768642755
216,101,0.473034677259
216,1,0.375
216,51,0.488040815296
215,301,0.408877492591
215,251,0.424691992033
215,201,0.45694282788
215,151,0.467893097116
215,101,0.473129181848
215,1,0.375
215,51,0.488088172152
214,301,0.409100927966
214,251,0.424901451307
214,201,0.457096664293
214,151,0.468017576633
214,101,0.473223711592
214,1,0.375
214,51,0.488135529008
213,301,0.409324388851
213,251,0.42511093609
213,201,0.457250526215
213,151,0.46814208166
213,101,0.473318266847
213,1,0.375
213,51,0.488182885864
212,301,0.409547875607
212,251,0.425320446745
212,201,0.457404414007
212,151,0.468266612558
212,101,0.473412847971
212,1,0.375
212,51,0.48823024272
211,301,0.409771388602
211,251,0.425529983638
211,201,0.457558328039
211,151,0.468391169694
211,101,0.473507455335
211,1,0.375
211,51,0.488277599576
210,301,0.40999492821
210,251,0.425739547144
210,201,0.457712268684
210,151,0.468515753444
210,101,0.473602089312
210,1,0.375
210,51,0.488324956432
209,301,0.410218494814
209,251,0.425949137647
209,201,0.457866236325
209,151,0.468640364189
209,101,0.473696750285
209,1,0.375
209,51,0.488372313288
208,301,0.410442088803
208,251,0.426158755534
208,201,0.45802023135
208,151,0.46876500232
208,101,0.473791438643
208,1,0.375
208,51,0.488419670144
207,301,0.410665710573
207,251,0.426368401202
207,201,0.458174254158
207,151,0.468889668232
207,101,0.473886154782
207,1,0.375
207,51,0.488467027
206,301,0.41088936053
206,251,0.426578075058
206,201,0.458328305151
206,151,0.46901436233
206,101,0.473980899108
206,1,0.375
206,51,0.488514383856
205,301,0.411113039085
205,251,0.426787777512
205,201,0.458482384744
205,151,0.469139085027
205,101,0.474075672032
205,1,0.375
205,51,0.488561740712
204,301,0.41133674666
204,251,0.426997508985
204,201,0.458636493356
204,151,0.469263836744
204,101,0.474170473976
204,1,0.375
204,51,0.488609097568
203,301,0.411560483684
203,251,0.427207269907
203,201,0.458790631416
203,151,0.469388617909
203,101,0.474265305369
203,1,0.375
203,51,0.488656454424
202,301,0.411784250593
202,251,0.427417060714
202,201,0.458944799362
202,151,0.469513428959
202,101,0.474360166647
202,1,0.375
202,51,0.48870381128
201,301,0.412008047833
201,251,0.427626881853
201,201,0.459098997639
201,151,0.469638270342
201,101,0.474455058256
201,1,0.375
201,51,0.488751168136
200,301,0.412231875861
200,251,0.427836733779
200,201,0.459253226704
200,151,0.469763142511
200,101,0.474549980652
200,1,0.375
200,51,0.488798524992
199,301,0.412455735139
199,251,0.428046616956
199,201,0.459407487019
199,151,0.46988804593
199,101,0.4746449343
199,1,0.375
199,51,0.488845881848
198,301,0.412679626141
198,251,0.428256531857
198,201,0.459561779058
198,151,0.470012981074
198,101,0.474739919671
198,1,0.375
198,51,0.488893238704
197,301,0.412903549351
197,251,0.428466478965
197,201,0.459716103304
197,151,0.470137948426
197,101,0.47483493725
197,1,0.375
197,51,0.48894059556
196,301,0.413127505261
196,251,0.428676458773
196,201,0.459870460251
196,151,0.470262948478
196,101,0.474929987529
196,1,0.375
196,51,0.488987952416
195,301,0.413351494375
195,251,0.428886471785
195,201,0.460024850402
195,151,0.470387981733
195,101,0.475025071011
195,1,0.375
195,51,0.489035309272
194,301,0.413575517205
194,251,0.429096518514
194,201,0.460179274269
194,151,0.470513048705
194,101,0.475120188211
194,1,0.375
194,51,0.489082666128
193,301,0.413799574277
193,251,0.429306599484
193,201,0.460333732378
193,151,0.470638149918
193,101,0.475215339651
193,1,0.375
193,51,0.489130022984
192,301,0.414023666124
192,251,0.42951671523
192,201,0.460488225262
192,151,0.470763285907
192,101,0.475310525867
192,1,0.375
192,51,0.48917737984
191,301,0.414247793294
191,251,0.429726866298
191,201,0.460642753469
191,151,0.470888457218
191,101,0.475405747406
191,1,0.375
191,51,0.489224736696
190,301,0.414471956344
190,251,0.429937053246
190,201,0.460797317555
190,151,0.47101366441
190,101,0.475501004825
190,1,0.375
190,51,0.489272093552
189,301,0.414696155843
189,251,0.430147276644
189,201,0.460951918091
189,151,0.47113890805
189,101,0.475596298693
189,1,0.375
189,51,0.489319450408
188,301,0.414920392373
188,251,0.430357537072
188,201,0.461106555658
188,151,0.471264188722
188,101,0.475691629592
188,1,0.375
188,51,0.489366807264
187,301,0.415144666528
187,251,0.430567835126
187,201,0.461261230851
187,151,0.471389507019
187,101,0.475786998116
187,1,0.375
187,51,0.48941416412
186,301,0.415368978916
186,251,0.430778171412
186,201,0.461415944275
186,151,0.471514863548
186,101,0.475882404873
186,1,0.375
186,51,0.489461520976
185,301,0.415593330155
185,251,0.43098854655
185,201,0.461570696551
185,151,0.471640258929
185,101,0.475977850481
185,1,0.375
185,51,0.489508877832
184,301,0.41581772088
184,251,0.431198961173
184,201,0.461725488313
184,151,0.471765693796
184,101,0.476073335575
184,1,0.375
184,51,0.489556234688
183,301,0.416042151738
183,251,0.43140941593
183,201,0.461880320208
183,151,0.471891168796
183,101,0.476168860802
183,1,0.375
183,51,0.489603591544
182,301,0.41626662339
182,251,0.43161991148
182,201,0.462035192897
182,151,0.472016684589
182,101,0.476264426823
182,1,0.375
182,51,0.4896509484
181,301,0.416491136513
181,251,0.431830448501
181,201,0.462190107056
181,151,0.472142241853
181,101,0.476360034315
181,1,0.375
181,51,0.489698305256
180,301,0.416715691797
180,251,0.432041027684
180,201,0.462345063377
180,151,0.472267841279
180,101,0.476455683968
180,1,0.375
180,51,0.489745662112
179,301,0.41694028995
179,251,0.432251649735
179,201,0.462500062567
179,151,0.472393483573
179,101,0.476551376489
179,1,0.375
179,51,0.489793018968
178,301,0.417164931693
178,251,0.432462315376
178,201,0.462655105347
178,151,0.472519169458
178,101,0.476647112601
178,1,0.375
178,51,0.489840375824
177,301,0.417389617766
177,251,0.432673025348
177,201,0.462810192457
177,151,0.472644899673
177,101,0.476742893043
177,1,0.375
177,51,0.48988773268
176,301,0.417614348924
176,251,0.432883780404
176,201,0.462965324652
176,151,0.472770674972
176,101,0.47683871857
176,1,0.375
176,51,0.489935089536
175,301,0.41783912594
175,251,0.433094581319
175,201,0.463120502705
175,151,0.47289649613
175,101,0.476934589955
175,1,0.375
175,51,0.489982446392
174,301,0.418063949605
174,251,0.433305428882
174,201,0.463275727406
174,151,0.473022363937
174,101,0.477030507989
174,1,0.375
174,51,0.490029803248
173,301,0.418288820727
173,251,0.433516323903
173,201,0.463430999566
173,151,0.473148279201
173,101,0.477126473481
173,1,0.375
173,51,0.490077160104
172,301,0.418513740135
172,251,0.433727267209
172,201,0.463586320011
172,151,0.473274242751
172,101,0.477222487258
172,1,0.375
172,51,0.49012451696
171,301,0.418738708676
171,251,0.433938259648
171,201,0.463741689588
171,151,0.473400255433
171,101,0.477318550167
171,1,0.375
171,51,0.490171873816
170,301,0.418963727216
170,251,0.434149302087
170,201,0.463897109165
170,151,0.473526318115
170,101,0.477414663076
170,1,0.375
170,51,0.490219230672
169,301,0.419188796643
169,251,0.434360395413
169,201,0.46405257963
169,151,0.473652431684
169,101,0.477510826873
169,1,0.375
169,51,0.490266587528
168,301,0.419413917867
168,251,0.434571540534
168,201,0.46420810189
168,151,0.473778597048
168,101,0.477607042465
168,1,0.375
168,51,0.490313944384
167,301,0.419639091816
167,251,0.434782738382
167,201,0.464363676876
167,151,0.47390481514
167,101,0.477703310783
167,1,0.375
167,51,0.49036130124
166,301,0.419864319445
166,251,0.43499398991
166,201,0.464519305542
166,151,0.47403108691
166,101,0.477799632781
166,1,0.375
166,51,0.490408658096
165,301,0.420089601729
165,251,0.435205296092
165,201,0.464674988863
165,151,0.474157413335
165,101,0.477896009434
165,1,0.375
165,51,0.490456014952
164,301,0.420314939668
164,251,0.435416657929
164,201,0.464830727838
164,151,0.474283795416
164,101,0.477992441742
164,1,0.375
164,51,0.490503371808
163,301,0.420540334286
163,251,0.435628076446
163,201,0.464986523494
163,151,0.474410234176
163,101,0.478088930729
163,1,0.375
163,51,0.490550728664
162,301,0.420765786633
162,251,0.435839552692
162,201,0.465142376878
162,151,0.474536730665
162,101,0.478185477445
162,1,0.375
162,51,0.49059808552
161,301,0.420991297785
161,251,0.436051087742
161,201,0.465298289066
161,151,0.474663285958
161,101,0.478282082966
161,1,0.375
161,51,0.490645442376
160,301,0.421216868844
160,251,0.436262682699
160,201,0.465454261162
160,151,0.474789901159
160,101,0.478378748394
160,1,0.375
160,51,0.490692799232
159,301,0.421442500941
159,251,0.436474338695
159,201,0.465610294296
159,151,0.474916577397
159,101,0.47847547486
159,1,0.375
159,51,0.490740156088
158,301,0.421668195234
158,251,0.436686056886
158,201,0.465766389626
158,151,0.475043315832
158,101,0.478572263522
158,1,0.375
158,51,0.490787512944
157,301,0.421893952912
157,251,0.436897838462
157,201,0.465922548341
157,151,0.475170117652
157,101,0.478669115569
157,1,0.375
157,51,0.4908348698
156,301,0.422119775194
156,251,0.437109684643
156,201,0.466078771659
156,151,0.475296984075
156,101,0.47876603222
156,1,0.375
156,51,0.490882226656
155,301,0.42234566333
155,251,0.437321596677
155,201,0.466235060833
155,151,0.475423916353
155,101,0.478863014725
155,1,0.375
155,51,0.490929583512
154,301,0.422571618604
154,251,0.437533575849
154,201,0.466391417143
154,151,0.475550915768
154,101,0.478960064367
154,1,0.375
154,51,0.490976940368
153,301,0.422797642331
153,251,0.437745623475
153,201,0.466547841907
153,151,0.475677983636
153,101,0.479057182463
153,1,0.375
153,51,0.491024297224
152,301,0.423023735862
152,251,0.437957740905
152,201,0.466704336475
152,151,0.47580512131
152,101,0.479154370364
152,1,0.375
152,51,0.49107165408
151,301,0.423249900585
151,251,0.438169929526
151,201,0.466860902235
151,151,0.475932330174
151,101,0.479251629456
151,1,0.375
151,51,0.491119010936
150,301,0.423476137924
150,251,0.438382190763
150,201,0.46701754061
150,151,0.476059611654
150,101,0.479348961163
150,1,0.375
150,51,0.491166367792
149,301,0.423702449339
149,251,0.438594526077
149,201,0.467174253063
149,151,0.476186967212
149,101,0.479446366948
149,1,0.375
149,51,0.491213724648
148,301,0.423928836334
148,251,0.43880693697
148,201,0.467331041095
148,151,0.476314398348
148,101,0.479543848311
148,1,0.375
148,51,0.491261081504
147,301,0.42415530045
147,251,0.439019424985
147,201,0.467487906247
147,151,0.476441906606
147,101,0.479641406796
147,1,0.375
147,51,0.49130843836
146,301,0.424381843272
146,251,0.439231991705
146,201,0.467644850106
146,151,0.476569493569
146,101,0.479739043987
146,1,0.375
146,51,0.491355795216
145,301,0.425094054589
145,251,0.43997701952
145,201,0.468613325315
145,151,0.477434919987
145,101,0.480207778607
145,1,0.375
145,51,0.491403152072
144,301,0.425317813021
144,251,0.44018653962
144,201,0.468765715719
144,151,0.477558342408
144,101,0.480303286505
144,1,0.375
144,51,0.491450508928
143,301,0.440567603883
143,251,0.453967356605
143,201,0.477702007084
143,151,0.484244060742
143,101,0.481011563162
143,1,0.375
143,51,0.491497865784
142,301,0.440770957109
142,251,0.454142638654
142,201,0.477813922116
142,151,0.48433270336
142,101,0.481103040617
142,1,0.375
142,51,0.49154522264
141,301,0.440974397651
141,251,0.45431800802
141,201,0.477925924464
141,151,0.484421433294
141,101,0.481194605389
141,1,0.375
141,51,0.491592579496
140,301,0.441177927381
140,251,0.454493466574
140,201,0.478038016
140,151,0.484510252415
140,101,0.481286259348
140,1,0.375
140,51,0.491639936352
139,301,0.441381548224
139,251,0.45466901624
139,201,0.478150198648
139,151,0.48459916265
139,101,0.481378004419
139,1,0.375
139,51,0.491687293208
138,301,0.44158526216
138,251,0.454844658999
138,201,0.47826247439
138,151,0.484688165977
138,101,0.481469842584
138,1,0.375
138,51,0.491734650064
137,301,0.457173481691
137,251,0.469839606109
137,201,0.489896837293
137,151,0.494475303996
137,101,0.493202791467
137,1,0.375
137,51,0.498269896194
136,301,0.457363453577
136,251,0.469990876863
136,201,0.489966208285
136,151,0.494520901403
136,101,0.493251915888
136,1,0.375
136,51,0.498281038983
135,301,0.457553524854
135,251,0.470142247007
135,201,0.490035678667
135,151,0.4945665982
135,101,0.493301139699
135,1,0.375
135,51,0.498292181773
134,301,0.457743697747
134,251,0.470293718767
134,201,0.490105250665
134,151,0.494612396614
134,101,0.493350465126
134,1,0.375
134,51,0.498303324563
133,301,0.457933974548
133,251,0.470445294436
133,201,0.490174926572
133,151,0.494658298935
133,101,0.493399894462
133,1,0.375
133,51,0.498314467352
132,301,0.458124357619
132,251,0.470596976374
132,201,0.490244708748
132,151,0.494704307527
132,101,0.493449430067
132,1,0.375
132,51,0.498325610142
131,301,0.458314849393
131,251,0.470748767016
131,201,0.490314599628
131,151,0.494750424822
131,101,0.493499074376
131,1,0.375
131,51,0.498336752932
130,301,0.458505452379
130,251,0.470900668869
130,201,0.49038460172
130,151,0.494796653329
130,101,0.493548829897
130,1,0.375
130,51,0.498347895721
129,301,0.458696169164
129,251,0.471052684521
129,201,0.49045471761
129,151,0.494842995634
129,101,0.493598699216
129,1,0.375
129,51,0.498359038511
128,301,0.458887002414
128,251,0.471204816639
128,201,0.490524949965
128,151,0.494889454404
128,101,0.493648685
128,1,0.375
128,51,0.498370181301
127,301,0.45907795488
127,251,0.471357067972
127,201,0.490595301537
127,151,0.494936032391
127,101,0.493698790001
127,1,0.375
127,51,0.49838132409
126,301,0.459269029402
126,251,0.471509441361
126,201,0.490665775164
126,151,0.494982732434
126,101,0.493749017057
126,1,0.375
126,51,0.49839246688
125,301,0.459460228908
125,251,0.471661939735
125,201,0.490736373775
125,151,0.49502955746
125,101,0.493799369097
125,1,0.375
125,51,0.49840360967
124,301,0.459651556422
124,251,0.471814566116
124,201,0.490807100395
124,151,0.495076510495
124,101,0.493849849146
124,1,0.375
124,51,0.498414752459
123,301,0.459843015066
123,251,0.471967323628
123,201,0.490877958145
123,151,0.49512359466
123,101,0.493900460325
123,1,0.375
123,51,0.498425895249
122,301,0.460034608065
122,251,0.472120215495
122,201,0.49094895025
122,151,0.49517081318
122,101,0.493951205859
122,1,0.375
122,51,0.498437038039
121,301,0.460226338751
121,251,0.472273245047
121,201,0.49102008004
121,151,0.495218169386
121,101,0.494002089078
121,1,0.375
121,51,0.498448180828
120,301,0.460418210564
120,251,0.472426415728
120,201,0.491091350959
120,151,0.49526566672
120,101,0.494053113426
120,1,0.375
120,51,0.498459323618
119,301,0.460610227063
119,251,0.472579731095
119,201,0.491162766564
119,151,0.49531330874
119,101,0.49410428246
119,1,0.375
119,51,0.498470466407
118,301,0.460802391927
118,251,0.472733194826
118,201,0.491234330533
118,151,0.495361099124
118,101,0.494155599858
118,1,0.375
118,51,0.498481609197
117,301,0.460994708959
117,251,0.472886810726
117,201,0.491306046671
117,151,0.495409041677
117,101,0.494207069425
117,1,0.375
117,51,0.498492751987
116,301,0.461187182096
116,251,0.47304058273
116,201,0.491377918913
116,151,0.495457140334
116,101,0.494258695096
116,1,0.375
116,51,0.498503894776
115,301,0.461379815409
115,251,0.47319451491
115,201,0.491449951332
115,151,0.495505399168
115,101,0.494310480944
115,1,0.375
115,51,0.498515037566
114,301,0.461572613113
114,251,0.473348611482
114,201,0.491522148141
114,151,0.495553822393
114,101,0.494362431182
114,1,0.375
114,51,0.498526180356
113,301,0.461765579573
113,251,0.473502876809
113,201,0.491594513707
113,151,0.495602414374
113,101,0.494414550177
113,1,0.375
113,51,0.498537323145
112,301,0.461958719309
112,251,0.473657315413
112,201,0.491667052549
112,151,0.49565117963
112,101,0.494466842448
112,1,0.375
112,51,0.498548465935
111,301,0.462152037005
111,251,0.473811931976
111,201,0.49173976935
111,151,0.495700122847
111,101,0.494519312678
111,1,0.375
111,51,0.498559608725
110,301,0.462345537513
110,251,0.473966731351
110,201,0.491812668963
110,151,0.495749248875
110,101,0.49457196572
110,1,0.375
110,51,0.498570751514
109,301,0.462582870386
109,251,0.474171927189
109,201,0.491981313139
109,151,0.495881169042
109,101,0.494653793712
109,1,0.375
109,51,0.498581894304
108,301,0.462776394047
108,251,0.474326698331
108,201,0.492053839356
108,151,0.495930018699
108,101,0.494706586351
108,1,0.375
108,51,0.498593037094
107,301,0.462970116184
107,251,0.474481667948
107,201,0.492126564048
107,151,0.495979066832
107,101,0.494759577464
107,1,0.375
107,51,0.498604179883
106,301,0.463164042413
106,251,0.474636841658
106,201,0.492199492832
106,151,0.496028319056
106,101,0.49481277267
106,1,0.375
106,51,0.498615322673
105,301,0.463358178566
105,251,0.474792225291
105,201,0.492272631539
105,151,0.496077781204
105,101,0.494866177799
105,1,0.375
105,51,0.498626465463
104,301,0.463552530697
104,251,0.474947824903
104,201,0.492345986226
104,151,0.496127459331
104,101,0.494919798908
104,1,0.375
104,51,0.498637608252
103,301,0.463747105098
103,251,0.475103646784
103,201,0.492419563182
103,151,0.496177359728
103,101,0.494973642286
103,1,0.375
103,51,0.498648751042
102,301,0.463941908306
102,251,0.475259697473
102,201,0.492493368945
102,151,0.496227488932
102,101,0.49502771447
102,1,0.375
102,51,0.498659893832
101,301,0.464136947118
101,251,0.475415983764
101,201,0.492567410312
101,151,0.496277853739
101,101,0.495082022259
101,1,0.375
101,51,0.498671036621
100,301,0.4643322286
100,251,0.475572512728
100,201,0.492641694349
100,151,0.496328461217
100,101,0.495136572718
100,1,0.375
100,51,0.498682179411
99,301,0.464527760108
99,251,0.475729291716
99,201,0.492716228412
99,151,0.49637931872
99,101,0.495191373203
99,1,0.375
99,51,0.4986933222
98,301,0.464723549295
98,251,0.475886328383
98,201,0.492791020154
98,151,0.496430433902
98,101,0.495246431366
98,1,0.375
98,51,0.49870446499
97,301,0.464919604129
97,251,0.476043630698
97,201,0.492866077543
97,151,0.496481814733
97,101,0.495301755177
97,1,0.375
97,51,0.49871560778
96,301,0.465115932914
96,251,0.476201206963
96,201,0.492941408883
96,151,0.496533469513
96,101,0.495357352939
96,1,0.375
96,51,0.498726750569
95,301,0.47335723592
95,251,0.482115856258
95,201,0.494992946603
95,151,0.497625412737
95,101,0.495421293692
95,1,0.375
95,51,0.498737893359
94,301,0.473520603989
94,251,0.482242432971
94,201,0.495053344181
94,151,0.497668657433
94,101,0.495477382092
94,1,0.375
94,51,0.498749036149
93,301,0.473684273084
93,251,0.482369310712
93,201,0.495114042785
93,151,0.497712203155
93,101,0.49553377152
93,1,0.375
93,51,0.498760178938
92,301,0.473848253023
92,251,0.482496499296
92,201,0.495175052233
92,151,0.497756059721
92,101,0.49559047179
92,1,0.375
92,51,0.498771321728
91,301,0.48298490336
91,251,0.490248222577
91,201,0.498972837661
91,151,0.500277168125
91,101,0.499480596925
91,1,0.375
91,51,0.499797113834
90,301,0.483115792051
90,251,0.490340923281
90,201,0.499008489347
90,151,0.500302320223
90,101,0.499511503393
90,1,0.375
90,51,0.499799080209
89,301,0.48324702372
89,251,0.490433966962
89,201,0.499044484011
89,151,0.500327815299
89,101,0.499542752838
89,1,0.375
89,51,0.499801046583
88,301,0.48337861006
88,251,0.490527365314
88,201,0.499080833345
88,151,0.500353665045
88,101,0.499574356954
88,1,0.375
88,51,0.499803012958
87,301,0.483514267539
87,251,0.490625602064
87,201,0.499128177245
87,151,0.500388616933
87,101,0.499608466395
87,1,0.375
87,51,0.499804979333
86,301,0.483646562161
86,251,0.490719701017
86,201,0.499165167039
86,151,0.500415125391
86,101,0.499640794669
86,1,0.375
86,51,0.499806945707
85,301,0.483779249884
85,251,0.490814193069
85,201,0.499202549933
85,151,0.50044202695
85,101,0.499673516043
85,1,0.375
85,51,0.499808912082
84,301,0.483912344747
84,251,0.490909092261
84,201,0.499240339966
84,151,0.500469335648
84,101,0.499706644557
84,1,0.375
84,51,0.499810878456
83,301,0.484045861465
83,251,0.491004413309
83,201,0.499278551855
83,151,0.500497066202
83,101,0.499740194927
83,1,0.375
83,51,0.499812844831
82,301,0.484179815472
82,251,0.491100171646
82,201,0.499317201034
82,151,0.500525234045
82,101,0.499774182585
82,1,0.375
82,51,0.499814811206
81,301,0.484314222964
81,251,0.491196383468
81,201,0.499356303697
81,151,0.500553855373
81,101,0.499808623729
81,1,0.375
81,51,0.49981677758
80,301,0.484449100947
80,251,0.491293065781
80,201,0.499395876851
80,151,0.500582947192
80,101,0.499843535364
80,1,0.375
80,51,0.499818743955
79,301,0.484584467288
79,251,0.491390236451
79,201,0.499435938363
79,151,0.500612527369
79,101,0.499878935356
79,1,0.375
79,51,0.49982071033
78,301,0.484720340769
78,251,0.491487914262
78,201,0.499476507015
78,151,0.500642614686
78,101,0.499914842489
78,1,0.375
78,51,0.499822676704
77,301,0.48485674115
77,251,0.491586118972
77,201,0.499517602567
77,151,0.500673228902
77,101,0.499951276521
77,1,0.375
77,51,0.499824643079
76,301,0.48499313802
76,251,0.491684320172
76,201,0.499558694608
76,151,0.500703839608
76,101,0.499987707043
76,1,0.375
76,51,0.499826609454
75,301,0.48512953489
75,251,0.491782521372
75,201,0.499599786649
75,151,0.500734450314
75,101,0.500024137564
75,1,0.375
75,51,0.499828575828
74,301,0.485265931761
74,251,0.491880722572
74,201,0.49964087869
74,151,0.50076506102
74,101,0.500060568086
74,1,0.375
74,51,0.499830542203
73,301,0.485402328631
73,251,0.491978923771
73,201,0.499681970731
73,151,0.500795671727
73,101,0.500096998608
73,1,0.375
73,51,0.499832508578
72,301,0.485539031239
72,251,0.492077512245
72,201,0.49972421239
72,151,0.500827180819
72,101,0.500133582534
72,1,0.375
72,51,0.499834474952
71,301,0.48930775766
71,251,0.494235354462
71,201,0.500140247792
71,151,0.500996830483
71,101,0.500170100575
71,1,0.375
71,51,0.499836441327
70,301,0.489420508569
70,251,0.494316919408
70,201,0.500177242377
70,151,0.501025784883
70,101,0.500206527902
70,1,0.375
70,51,0.499838407701
69,301,0.489533259478
69,251,0.494398484355
69,201,0.500214236962
69,151,0.501054739283
69,101,0.500242955228
69,1,0.375
69,51,0.499840374076
68,301,0.494058793257
68,251,0.497788106319
68,201,0.501273285791
68,151,0.501617338879
68,101,0.501343992141
68,1,0.375
68,51,0.499976208152
67,301,0.49414465996
67,251,0.497846179285
67,201,0.501300159795
67,151,0.501640466099
67,101,0.501369955841
67,1,0.375
67,51,0.499976516603
66,301,0.494230526664
66,251,0.497904252251
66,201,0.5013270338
66,151,0.501663593318
66,101,0.501395919541
66,1,0.375
66,51,0.499976825054
65,301,0.494316393368
65,251,0.497962325217
65,201,0.501353907805
65,151,0.501686720538
65,101,0.501421883241
65,1,0.375
65,51,0.499977133505
64,301,0.494402260072
64,251,0.498020398182
64,201,0.50138078181
64,151,0.501709847757
64,101,0.501447846941
64,1,0.375
64,51,0.499977441956
63,301,0.494488126776
63,251,0.498078471148
63,201,0.501407655815
63,151,0.501732974977
63,101,0.501473810641
63,1,0.375
63,51,0.499977750407
62,301,0.494574018658
62,251,0.498136577579
62,201,0.501434653857
62,151,0.501756194362
62,101,0.501499785324
62,1,0.375
62,51,0.499978058858
61,301,0.494659884994
61,251,0.498194650059
61,201,0.501461526106
61,151,0.501779320268
61,101,0.501525748861
61,1,0.375
61,51,0.499978367308
60,301,0.494745751329
60,251,0.498252722538
60,201,0.501488398356
60,151,0.501802446174
60,101,0.501551712398
60,1,0.375
60,51,0.499978675759
59,301,0.494831617665
59,251,0.498310795017
59,201,0.501515270605
59,151,0.501825572081
59,101,0.501577675936
59,1,0.375
59,51,0.49997898421
58,301,0.494917484001
58,251,0.498368867496
58,201,0.501542142855
58,151,0.501848697987
58,101,0.501603639473
58,1,0.375
58,51,0.499979292661
57,301,0.496563626144
57,251,0.499128513128
57,201,0.501636849938
57,151,0.501889556099
57,101,0.501629603959
57,1,0.375
57,51,0.499979601112
56,301,0.496635901602
56,251,0.499179191349
56,201,0.501662784433
56,151,0.501912417407
56,101,0.50165556748
56,1,0.375
56,51,0.499979909563
55,301,0.496708177059
55,251,0.499229869569
55,201,0.501688718929
55,151,0.501935278715
55,101,0.501681531001
55,1,0.375
55,51,0.499980218014
54,301,0.498834519377
54,251,0.500638705324
54,201,0.501979039549
54,151,0.502066847476
54,101,0.50198711394
54,1,0.375
54,51,0.499997219103
53,301,0.498889718906
53,251,0.50067647451
53,201,0.50200158521
53,151,0.50208818436
53,101,0.502009517783
53,1,0.375
53,51,0.499997264464
52,301,0.498944918435
52,251,0.500714243697
52,201,0.502024130871
52,151,0.502109521244
52,101,0.502031921627
52,1,0.375
52,51,0.499997309824
51,301,0.499000117964
51,251,0.500752012884
51,201,0.502046676532
51,151,0.502130858128
51,101,0.50205432547
51,1,0.375
51,51,0.499997355185
50,301,0.499055317493
50,251,0.50078978207
50,201,0.502069222193
50,151,0.502152195012
50,101,0.502076729314
50,1,0.375
50,51,0.499997400545
49,301,0.499110517022
49,251,0.500827551257
49,201,0.502091767855
49,151,0.502173531896
49,101,0.502099133157
49,1,0.375
49,51,0.499997445905
48,301,0.499165716716
48,251,0.500865320685
48,201,0.502114314914
48,151,0.50219486972
48,101,0.502121537055
48,1,0.375
48,51,0.499997491266
47,301,0.499870841233
47,251,0.501134490896
47,201,0.502148712646
47,151,0.502218388536
47,101,0.502143940908
47,1,0.375
47,51,0.499997536626
46,301,0.499918933555
46,251,0.50116923612
46,201,0.502171057874
46,151,0.502239685699
46,101,0.50216634475
46,1,0.375
46,51,0.499997581987
45,301,0.500903797691
45,251,0.501750559865
45,201,0.50226052554
45,151,0.502282725408
45,101,0.502260831825
45,1,0.375
45,51,0.499999672836
44,301,0.500942089567
44,251,0.501778836079
44,201,0.502281820062
44,151,0.502303652022
44,101,0.502282114548
44,1,0.375
44,51,0.499999679239
43,301,0.500980381457
43,251,0.501807112313
43,201,0.502303114733
43,151,0.50232457873
43,101,0.502303397275
43,1,0.375
43,51,0.499999685643
42,301,0.501018673333
42,251,0.501835388527
42,201,0.502324409252
42,151,0.502345505342
42,101,0.502324679997
42,1,0.375
42,51,0.499999692047
41,301,0.501056965209
41,251,0.50186366474
41,201,0.502345703772
41,151,0.502366431953
41,101,0.50234596272
41,1,0.375
41,51,0.499999698451
40,301,0.501363001283
40,251,0.501967454002
40,201,0.502369048535
40,151,0.502387624451
40,101,0.502367245443
40,1,0.375
40,51,0.499999704855
39,301,0.501821946632
39,251,0.502213091782
39,201,0.50240726403
39,151,0.502412876891
39,101,0.502407022492
39,1,0.375
39,51,0.499999961133
38,301,0.502662692419
38,251,0.503048400652
38,201,0.503239487844
38,151,0.503244992852
38,101,0.503239249464
38,1,0.375
38,51,0.499999962012
37,301,0.50271242556
37,251,0.503092696874
37,201,0.503280699012
37,151,0.503286096166
37,101,0.503280463789
37,1,0.375
37,51,0.499999962891
36,301,0.5027621587
36,251,0.503136993097
36,201,0.503321910181
36,151,0.503327199481
36,101,0.503321678115
36,1,0.375
36,51,0.49999996377
35,301,0.502921771802
35,251,0.503205854675
35,201,0.503363475351
35,151,0.503368335148
35,101,0.50336289244
35,1,0.375
35,51,0.499999964649
34,301,0.503159109994
34,251,0.503335743627
34,201,0.503408888304
34,151,0.503410284439
34,101,0.503408767576
34,1,0.375
34,51,0.499999995442
33,301,0.503204392439
33,251,0.503378188822
33,201,0.503450002205
33,151,0.503451367549
33,101,0.503449883802
33,1,0.375
33,51,0.49999999556
32,301,0.503249674883
32,251,0.503420634018
32,201,0.503491116107
32,151,0.50349245066
32,101,0.503491000027
32,1,0.375
32,51,0.499999995679
31,301,0.50333974737
31,251,0.503471014045
31,201,0.503532290661
31,151,0.503533537676
31,1,0.375
31,51,0.499999995797
31,101,0.503532116253
30,301,0.503468144134
30,251,0.503546931416
30,201,0.503574439987
30,151,0.503574784929
30,1,0.375
30,51,0.499999999467
30,101,0.503574398213
29,301,0.503511235796
29,251,0.503588584223
29,201,0.503615527326
29,151,0.503615863653
29,1,0.375
29,51,0.499999999483
29,101,0.503615486517
28,301,0.50357259579
28,251,0.503632803266
28,201,0.503656625083
28,151,0.503656942849
28,1,0.375
28,51,0.499999999499
28,101,0.50365657482
27,301,0.503652528965
27,251,0.50368755711
27,201,0.50369796807
27,151,0.503698053495
27,1,0.375
27,51,0.499999999937
27,101,0.503697955264
26,301,0.503702067842
26,251,0.503729712347
26,201,0.503739050035
26,151,0.503739131335
26,1,0.375
26,51,0.499999999939
26,101,0.503739035755
25,301,0.504811420946
25,251,0.504838491366
25,201,0.504847612367
25,151,0.504847691348
25,1,0.375
25,51,0.499999999941
25,101,0.50484759848
24,301,0.504889297139
24,251,0.504904598188
24,201,0.504908493019
24,151,0.504908513767
24,1,0.375
24,51,0.499999999993
24,101,0.504908489386
23,301,0.504953545553
23,251,0.504965776995
23,201,0.504969310098
23,151,0.504969329906
23,1,0.375
23,51,0.499999999993
23,101,0.504969306273
22,301,0.505023153182
22,251,0.505028747767
22,201,0.505030142157
22,151,0.505030147218
22,1,0.375
22,51,0.499999999999
22,101,0.505030141093
21,301,0.505087369813
21,251,0.505090386351
21,201,0.505090962253
21,151,0.505090963543
21,1,0.375
21,51,0.5
21,101,0.505090961971
20,301,0.505148775559
20,251,0.505151246707
20,201,0.50515177839
20,151,0.505151779625
20,1,0.375
20,51,0.5
20,101,0.505151778109
19,301,0.506386790921
19,251,0.506387902147
19,201,0.506388109702
19,151,0.506388110011
19,1,0.375
19,51,0.5
19,101,0.506388109626
18,301,0.506467486166
18,251,0.506468061421
18,201,0.506468144957
18,151,0.506468145034
18,1,0.375
18,51,0.5
18,101,0.506468144937
17,301,0.506547895341
17,251,0.50654814788
17,201,0.50654818003
17,151,0.506548180049
17,1,0.375
17,51,0.5
17,101,0.506548180025
16,301,0.506628092405
16,251,0.506628202724
16,201,0.506628215058
16,151,0.506628215063
16,1,0.375
16,51,0.5
16,101,0.506628215057
15,301,0.507948225731
15,251,0.507948268453
15,201,0.507948273076
15,1,0.375
15,51,0.5
15,101,0.507948273076
15,151,0.507948273077
14,301,0.508046997148
14,251,0.508047015806
14,201,0.508047017574
14,1,0.375
14,51,0.5
14,101,0.508047017574
14,151,0.508047017574
13,301,0.508145758143
13,251,0.508145761804
13,1,0.375
13,51,0.5
13,101,0.508145762072
13,201,0.508145762072
13,151,0.508145762072
12,301,0.509526900956
12,251,0.509526902534
12,1,0.375
12,51,0.5
12,101,0.509526902636
12,201,0.509526902636
12,151,0.509526902636
11,301,0.510930356581
11,251,0.510930356876
11,1,0.375
11,51,0.5
11,101,0.510930356891
11,201,0.510930356891
11,151,0.510930356891
10,301,0.511065031768
10,251,0.511065031794
10,1,0.375
10,51,0.5
10,101,0.511065031795
10,201,0.511065031795
10,151,0.511065031795
9,301,0.512506727882
9,251,0.512506727884
9,1,0.375
9,51,0.5
9,101,0.512506727884
9,201,0.512506727884
9,151,0.512506727884
8,301,0.51396767947
8,1,0.375
8,51,0.5
8,251,0.51396767947
8,101,0.51396767947
8,201,0.51396767947
8,151,0.51396767947
7,301,0.516741613204
7,1,0.375
7,51,0.5
7,251,0.516741613204
7,101,0.516741613204
7,201,0.516741613204
7,151,0.516741613204
6,1,0.375
6,51,0.5
6,301,0.518237676275
6,101,0.518237676275
6,201,0.518237676275
6,151,0.518237676275
6,251,0.518237676275
5,1,0.375
5,51,0.5
5,101,0.522291474012
5,201,0.522291474012
5,301,0.522291474012
5,151,0.522291474012
5,251,0.522291474012
4,1,0.375
4,51,0.5
4,101,0.527507494265
4,201,0.527507494265
4,301,0.527507494265
4,151,0.527507494265
4,251,0.527507494265
3,1,0.375
3,51,0.5
3,101,0.534877098032
3,201,0.534877098032
3,301,0.534877098032
3,151,0.534877098032
3,251,0.534877098032
2,1,0.375
2,51,0.5
2,101,0.548948863629
2,201,0.548948863629
2,301,0.548948863629
2,151,0.548948863629
2,251,0.548948863629
1,1,0.375
1,51,0.5
1,101,0.579315299685
1,201,0.579315299685
1,301,0.579315299685
1,151,0.579315299685
1,251,0.579315299685
