300,0.371778841893
299,0.372965953755
298,0.37416073473
297,0.375363262285
296,0.376573614931
295,0.377791872246
294,0.379018114889
293,0.380252424623
292,0.381494884328
291,0.382745578023
290,0.38400459089
289,0.385272009284
288,0.386547920765
287,0.387832414111
286,0.389125579339
285,0.39034334796
284,0.391568622356
283,0.392801482095
282,0.39404200787
281,0.395290281527
280,0.396546386078
279,0.397810405727
278,0.399082425887
277,0.400362533207
276,0.401650815592
275,0.402947362223
274,0.404252263586
273,0.405474423802
272,0.406703624665
271,0.407939944114
270,0.409183461246
269,0.410434256332
268,0.411692410841
267,0.412958007464
266,0.414231130134
265,0.415511864051
264,0.416800295708
263,0.418096512911
262,0.419400604808
261,0.420712661912
260,0.422032776129
259,0.423361040786
258,0.424697550654
257,0.426042401982
256,0.42739569252
255,0.428757521554
254,0.430127989932
253,0.431507200097
252,0.432895256118
251,0.434292263722
250,0.435198330328
249,0.436109549016
248,0.437025982111
247,0.437947692944
246,0.438874745879
245,0.439807206329
244,0.440745140779
243,0.441688616811
242,0.442637703121
241,0.443592469547
240,0.444552987091
239,0.445519327942
238,0.446491565502
237,0.447469774415
236,0.448454030587
235,0.449444411217
234,0.450440994824
233,0.451443861274
232,0.452453091812
231,0.453468769087
230,0.454490977187
229,0.45551980167
228,0.456555329593
227,0.457597649547
226,0.458646851692
225,0.459703027791
224,0.460766271245
223,0.461836677131
222,0.462914342238
221,0.463999365107
220,0.465091846072
219,0.466191887298
218,0.477017717225
217,0.478160532511
216,0.479311225977
215,0.480469907551
214,0.481636689216
213,0.482811685057
212,0.483995011314
211,0.485186786428
210,0.486387131097
209,0.487596168328
208,0.488814023497
207,0.490040824398
206,0.491276701309
205,0.49252178705
204,0.493776217045
203,0.495040129386
202,0.496313664901
201,0.497596967218
200,0.49889018284
199,0.500193461214
198,0.501506954805
197,0.502830819175
196,0.504165213061
195,0.505510298456
194,0.50686624069
193,0.508233208525
192,0.509611374235
191,0.511000913703
190,0.512402006514
189,0.513814836054
188,0.515239589613
187,0.516676458485
186,0.518125638077
185,0.519587328023
184,0.521061732297
183,0.522549059329
182,0.524049522132
181,0.525563338427
180,0.527090730772
179,0.528631926697
178,0.530187158848
177,0.531756665127
176,0.533340688843
175,0.534939478866
174,0.536553289787
173,0.538182382085
172,0.539827022296
171,0.541487483189
170,0.543164043953
169,0.544856990385
168,0.546566615086
167,0.548293217666
166,0.550037104953
165,0.551798591215
164,0.553577998385
163,0.555375656295
162,0.557191902922
161,0.55902708464
160,0.560881556481
159,0.56275568241
158,0.564649835606
157,0.566564398756
156,0.568499764358
155,0.570456335041
154,0.572434523891
153,0.574434754793
152,0.575635094367
151,0.576847465302
150,0.578072108224
149,0.579309270222
148,0.58055920506
147,0.581822173407
146,0.583098443077
145,0.594850504645
144,0.596169398296
143,0.61287987495
142,0.614240903602
141,0.615616688748
140,0.617007546601
139,0.618413802469
138,0.619835791092
137,0.636711546792
136,0.638178382247
135,0.639662014771
134,0.641162820415
133,0.642681186544
132,0.644217512261
131,0.645772208852
130,0.647345700262
129,0.648938423579
128,0.650550829551
127,0.652183383123
126,0.653836563999
125,0.655510867235
124,0.657206803855
123,0.658924901503
122,0.660665705123
121,0.662429777672
120,0.664217700874
119,0.666030076005
118,0.667867524725
117,0.669730689947
116,0.671620236751
115,0.673536853354
114,0.675481252119
113,0.677454170624
112,0.679456372792
111,0.681488650074
110,0.683551822698
109,0.695146782169
108,0.697281025981
107,0.699448812082
106,0.70165108978
105,0.703888844551
104,0.706163099771
103,0.70847491856
102,0.710825405729
101,0.713215709844
100,0.715647025412
99,0.718120595206
98,0.720637712723
97,0.723199724798
96,0.725808034387
95,0.739999860099
94,0.742686375147
93,0.745423763776
92,0.748213684907
91,0.761095879546
90,0.762570997756
89,0.764072525261
88,0.76560136238
87,0.77534291501
86,0.776930150969
85,0.778547655653
84,0.780196510085
83,0.78187784739
82,0.783592855965
81,0.785342782895
80,0.787128937618
79,0.788952695873
78,0.790815503949
77,0.792718883268
76,0.793019698485
75,0.793320513702
74,0.793621328919
73,0.793922144135
72,0.801106954611
71,0.808701741051
70,0.808974158479
69,0.809246575908
68,0.816631677856
67,0.816877011397
66,0.817122344938
65,0.817367678479
64,0.81761301202
63,0.817858345561
62,0.823823059068
61,0.824063114461
60,0.824303169854
59,0.824543225247
58,0.82478328064
57,0.829407967937
56,0.829625284873
55,0.829842601808
54,0.838971801642
53,0.839158893113
52,0.839345984583
51,0.839533076054
50,0.839720167524
49,0.839907258995
48,0.843962006459
47,0.846703925174
46,0.846866220624
45,0.849453330158
44,0.849597787502
43,0.852903622492
42,0.853040654955
41,0.853177687418
40,0.854794263118
39,0.858885819635
38,0.858990552987
37,0.85909528634
36,0.861301641681
35,0.862249511345
34,0.863124102503
33,0.864912946584
32,0.864987497117
31,0.866937193693
30,0.867441582712
29,0.868627917394
28,0.868957280765
27,0.870168801736
26,0.870368152977
25,0.871146698047
24,0.871919947141
23,0.872525350873
22,0.872677256502
21,0.873135480159
20,0.873500491813
19,0.874023360949
18,0.87421695365
17,0.874379202267
16,0.874595809654
15,0.874738783325
14,0.874830151578
13,0.874890411172
12,0.874942140316
11,0.874969683884
10,0.874987113713
9,0.87499556892
8,0.874998769848
7,0.874999776864
6,0.874999973632
5,0.874999998926
4,0.87499999999
3,0.875
1,0.875
2,0.875
