300,0.347118591027
299,0.347982176156
298,0.348851223191
297,0.349725787301
296,0.350605924404
295,0.351491691173
294,0.352383145055
293,0.353280344279
292,0.354183347872
291,0.355092215673
290,0.356007008347
289,0.356927787398
288,0.357854615183
287,0.35878755493
286,0.35972667075
285,0.360507449842
284,0.361292646001
283,0.362082306052
282,0.362876477484
281,0.36367520846
280,0.364478547832
279,0.365286545154
278,0.366099250691
277,0.366916715435
276,0.367738991115
275,0.368566130215
274,0.369398185985
273,0.370090161359
272,0.370785270006
271,0.37148354661
270,0.372185026371
269,0.372889745011
268,0.373597738788
267,0.374309044501
266,0.375023699501
265,0.375741741706
264,0.376463209606
263,0.377188142278
262,0.377916579395
261,0.378648561238
260,0.379384128707
259,0.380123323335
258,0.380866187298
257,0.381612763429
256,0.382363095229
255,0.383117226884
254,0.383383077289
253,0.383648927693
252,0.383914778098
251,0.384180628502
250,0.384446478907
249,0.384712329312
248,0.384978179716
247,0.385244030121
246,0.385509880525
245,0.38577573093
244,0.386041581334
243,0.386307431739
242,0.386573282144
241,0.386839132548
240,0.387104982953
239,0.387370833357
238,0.387636683762
237,0.387902534167
236,0.388168384571
235,0.388434234976
234,0.38870008538
233,0.388965935785
232,0.38923178619
231,0.389497636594
230,0.389763486999
229,0.390029337403
228,0.390295187808
227,0.390561038213
226,0.390826888617
225,0.391092739022
224,0.391358589426
223,0.391624439831
222,0.391890290236
221,0.39215614064
220,0.392421991045
219,0.392687841449
218,0.403812808496
217,0.404051216185
216,0.404289623875
215,0.404528031564
214,0.404766439253
213,0.405004846942
212,0.405243254631
211,0.405481662321
210,0.40572007001
209,0.405958477699
208,0.406196885388
207,0.406435293077
206,0.406673700767
205,0.406912108456
204,0.407150516145
203,0.407388923834
202,0.407627331523
201,0.407865739213
200,0.408104146902
199,0.408342554591
198,0.40858096228
197,0.408819369969
196,0.409057777659
195,0.409296185348
194,0.409534593037
193,0.409773000726
192,0.410011408415
191,0.410249816105
190,0.410488223794
189,0.410726631483
188,0.410965039172
187,0.411203446861
186,0.411441854551
185,0.41168026224
184,0.411918669929
183,0.412157077618
182,0.412395485307
181,0.412633892997
180,0.412872300686
179,0.413110708375
178,0.413349116064
177,0.413587523753
176,0.413825931443
175,0.414064339132
174,0.414302746821
173,0.41454115451
172,0.414779562199
171,0.415017969889
170,0.415256377578
169,0.415494785267
168,0.415733192956
167,0.415971600645
166,0.416210008335
165,0.416448416024
164,0.416686823713
163,0.416925231402
162,0.417163639091
161,0.417402046781
160,0.41764045447
159,0.417878862159
158,0.418117269848
157,0.418355677537
156,0.418594085227
155,0.418832492916
154,0.419070900605
153,0.419309308294
152,0.419547715983
151,0.419786123673
150,0.420024531362
149,0.420262939051
148,0.42050134674
147,0.420739754429
146,0.420978162119
145,0.424457765638
144,0.424681362385
143,0.439747524784
142,0.439947894865
141,0.440148264946
140,0.440348635027
139,0.440549005108
138,0.44074937519
137,0.456334155735
136,0.456520591404
135,0.456707027073
134,0.456893462742
133,0.457079898412
132,0.457266334081
131,0.45745276975
130,0.457639205419
129,0.457825641089
128,0.458012076758
127,0.458198512427
126,0.458384948096
125,0.458571383765
124,0.458757819435
123,0.458944255104
122,0.459130690773
121,0.459317126442
120,0.459503562111
119,0.459689997781
118,0.45987643345
117,0.460062869119
116,0.460249304788
115,0.460435740457
114,0.460622176127
113,0.460808611796
112,0.460995047465
111,0.461181483134
110,0.461367918803
109,0.462373245746
108,0.462554418639
107,0.462735591533
106,0.462916764427
105,0.463097937321
104,0.463279110215
103,0.463460283109
102,0.463641456003
101,0.463822628897
100,0.464003801791
99,0.464184974685
98,0.464366147579
97,0.464547320472
96,0.464728493366
95,0.472579213268
94,0.47272672247
93,0.472874231671
92,0.473021740872
91,0.48214159938
90,0.482255364449
89,0.482369129519
88,0.482482894588
87,0.482792212443
86,0.482904361946
85,0.48301651145
84,0.483128660953
83,0.483240810457
82,0.48335295996
81,0.483465109464
80,0.483577258967
79,0.483689408471
78,0.483801557975
77,0.483913707478
76,0.484025856982
75,0.484138006485
74,0.484250155989
73,0.484362305492
72,0.484519903868
71,0.487973899633
70,0.488062957298
69,0.488152014964
68,0.492653855498
67,0.492716028958
66,0.492778202418
65,0.492840375878
64,0.492902549338
63,0.492964722798
62,0.49303741448
61,0.493099462903
60,0.493161511326
59,0.493223559749
58,0.493285608172
57,0.494733509933
56,0.494783061723
55,0.494832613512
54,0.496938629713
53,0.496971072658
52,0.497003515602
51,0.497035958547
50,0.497068401492
49,0.497100844437
48,0.497133834022
47,0.497723362077
46,0.49774950541
45,0.498712420558
44,0.498728763445
43,0.498745230018
42,0.498761570755
41,0.498777911492
40,0.499015746486
39,0.499453285896
38,0.499461316077
37,0.499469346257
36,0.499477382795
35,0.499573151115
34,0.499769084639
33,0.499772963843
32,0.499776841587
31,0.499815238398
30,0.499902392302
29,0.499904241177
28,0.499919680113
27,0.499958454437
26,0.499964719572
25,0.49996547375
24,0.499982494695
23,0.499984971544
22,0.499993336853
21,0.499996728763
20,0.499997135269
19,0.499998740589
18,0.499999399008
17,0.49999973982
16,0.499999887654
15,0.499999954508
14,0.499999980339
13,0.499999996205
12,0.499999998374
11,0.499999999694
10,0.499999999974
9,0.499999999998
8,0.5
7,0.5
6,0.5
1,0.5
2,0.5
3,0.5
4,0.5
5,0.5
