300,1,0.00110059613874
300,50,0.0550298069368
300,100,0.110059613874
300,150,0.16508942081
300,200,0.220119227747
300,250,0.275149034684
300,300,0.30317696415
299,1,0.00110427706228
299,50,0.0552138531138
299,100,0.110427706228
299,150,0.165641559342
299,200,0.220855412455
299,250,0.276069265569
299,300,0.304053770776
298,1,0.00110798269
298,50,0.0553991345001
298,100,0.110798269
298,150,0.1661974035
298,200,0.221596538001
298,250,0.276995672501
298,300,0.304935777435
297,1,0.00111171327145
297,50,0.0555856635725
297,100,0.111171327145
297,150,0.166756990718
297,200,0.22234265429
297,250,0.277928317863
297,300,0.305823036653
296,1,0.00111546905953
296,50,0.0557734529765
296,100,0.111546905953
296,150,0.167320358929
296,200,0.223093811906
296,250,0.278867264882
296,300,0.306715601664
295,1,0.00111925031058
295,50,0.055962515529
295,100,0.111925031058
295,150,0.167887546587
295,200,0.223850062116
295,250,0.279812577645
295,300,0.307613526427
294,1,0.00112305728442
294,50,0.0561528642212
294,100,0.112305728442
294,150,0.168458592664
294,200,0.224611456885
294,250,0.280764321106
294,300,0.308516865632
293,1,0.00112689024444
293,50,0.056344512222
293,100,0.112689024444
293,150,0.169033536666
293,200,0.225378048888
293,250,0.28172256111
293,300,0.309425674718
292,1,0.00113074945761
292,50,0.0565374728803
292,100,0.113074945761
292,150,0.169612418641
292,200,0.226149891521
292,250,0.282687364401
292,300,0.310340009881
291,1,0.00113463519457
291,50,0.0567317597287
291,100,0.113463519457
291,150,0.170195279186
291,200,0.226927038915
291,250,0.283658798643
291,300,0.311259928093
290,1,0.00113854772973
290,50,0.0569273864863
290,100,0.113854772973
290,150,0.170782159459
290,200,0.227709545945
290,250,0.284636932432
290,300,0.312185487107
289,1,0.00114248734125
289,50,0.0571243670624
289,100,0.114248734125
289,150,0.171373101187
289,200,0.22849746825
289,250,0.285621835312
289,300,0.31311674548
288,1,0.00114645431118
288,50,0.0573227155592
288,100,0.114645431118
288,150,0.171968146678
288,200,0.229290862237
288,250,0.286613577796
288,300,0.31405376258
287,1,0.00115044892551
287,50,0.0575224462754
287,100,0.115044892551
287,150,0.172567338826
287,200,0.230089785102
287,250,0.287612231377
287,300,0.314996598602
286,1,0.0011544714742
286,50,0.0577235737099
286,100,0.11544714742
286,150,0.17317072113
286,200,0.23089429484
286,250,0.28861786855
286,300,0.315945314584
285,1,0.0011585222513
285,50,0.0579261125651
285,100,0.11585222513
285,150,0.173778337695
285,200,0.23170445026
285,250,0.289630562825
285,300,0.316695746732
284,1,0.001162601555
284,50,0.0581300777501
284,100,0.1162601555
284,150,0.17439023325
284,200,0.232520311001
284,250,0.290650388751
284,300,0.317450077563
283,1,0.00116670968771
283,50,0.0583354843853
283,100,0.116670968771
283,150,0.175006453156
283,200,0.233341937541
283,250,0.291677421927
283,300,0.318208348406
282,1,0.0011708469561
282,50,0.0585423478051
282,100,0.11708469561
282,150,0.175627043415
282,200,0.23416939122
282,250,0.292711739026
282,300,0.318970601176
281,1,0.00117501367125
281,50,0.0587506835624
281,100,0.117501367125
281,150,0.176252050687
281,200,0.23500273425
281,250,0.293753417812
281,300,0.319736878386
280,1,0.00117921014865
280,50,0.0589605074323
280,100,0.117921014865
280,150,0.176881522297
280,200,0.235842029729
280,250,0.294802537161
280,300,0.320507223153
279,1,0.00118343670832
279,50,0.0591718354159
279,100,0.118343670832
279,150,0.177515506248
279,200,0.236687341664
279,250,0.29585917708
279,300,0.321281679216
278,1,0.0011876936749
278,50,0.0593846837448
278,100,0.11876936749
278,150,0.178154051234
278,200,0.237538734979
278,250,0.296923418724
278,300,0.32206029094
277,1,0.00119198137769
277,50,0.0595990688846
277,100,0.119198137769
277,150,0.178797206654
277,200,0.238396275538
277,250,0.297995344423
277,300,0.322843103333
276,1,0.0011963001508
276,50,0.05981500754
276,100,0.11963001508
276,150,0.17944502262
276,200,0.23926003016
276,250,0.2990750377
276,300,0.323630162054
275,1,0.00120065033317
275,50,0.0600325166583
275,100,0.120065033317
275,150,0.180097549975
275,200,0.240130066633
275,250,0.300162583292
275,300,0.324421513427
274,1,0.00120503226869
274,50,0.0602516134345
274,100,0.120503226869
274,150,0.180754840303
274,200,0.241006453738
274,250,0.301258067172
274,300,0.325217204452
273,1,0.0012094463063
273,50,0.0604723153152
273,100,0.12094463063
273,150,0.181416945946
273,200,0.241889261261
273,250,0.302361576576
273,300,0.325950924385
272,1,0.00121389280008
272,50,0.0606946400038
272,100,0.121389280008
272,150,0.182083920011
272,200,0.242778560015
272,250,0.303473200019
272,300,0.326687802165
271,1,0.0012183721093
271,50,0.0609186054651
271,100,0.12183721093
271,150,0.182755816395
271,200,0.24367442186
271,250,0.304593027325
271,300,0.327427872749
270,1,0.0012228845986
270,50,0.0611442299298
270,100,0.12228845986
270,150,0.183432689789
270,200,0.244576919719
270,250,0.305721149649
270,300,0.328171171612
269,1,0.001227430638
269,50,0.0613715318998
269,100,0.1227430638
269,150,0.184114595699
269,200,0.245486127599
269,250,0.306857659499
269,300,0.328917734759
268,1,0.00123201060306
268,50,0.0616005301531
268,100,0.123201060306
268,150,0.184801590459
268,200,0.246402120613
268,250,0.308002650766
268,300,0.329667598729
267,1,0.00123662487498
267,50,0.0618312437492
267,100,0.123662487498
267,150,0.185493731248
267,200,0.247324974997
267,250,0.309156218746
267,300,0.330420800611
266,1,0.00124127384068
266,50,0.062063692034
266,100,0.124127384068
266,150,0.186191076102
266,200,0.248254768136
266,250,0.31031846017
266,300,0.331177378049
265,1,0.00124595789291
265,50,0.0622978946454
265,100,0.124595789291
265,150,0.186893683936
265,200,0.249191578582
265,250,0.311489473227
265,300,0.331937369259
264,1,0.00125067743038
264,50,0.0625338715191
264,100,0.125067743038
264,150,0.187601614557
264,200,0.250135486076
264,250,0.312669357595
264,300,0.332700813032
263,1,0.00125543285787
263,50,0.0627716428937
263,100,0.125543285787
263,150,0.188314928681
263,200,0.251086571575
263,250,0.313858214468
263,300,0.333467748751
262,1,0.00126022458634
262,50,0.0630112293169
262,100,0.126022458634
262,150,0.189033687951
262,200,0.252044917268
262,250,0.315056146585
262,300,0.334238216401
261,1,0.00126505303303
261,50,0.0632526516515
261,100,0.126505303303
261,150,0.189757954954
261,200,0.253010606606
261,250,0.316263258257
261,300,0.335012256579
260,1,0.00126991862162
260,50,0.0634959310809
260,100,0.126991862162
260,150,0.190487793243
260,200,0.253983724324
260,250,0.317479655405
260,300,0.335789910505
259,1,0.00127482178232
259,50,0.063741089116
259,100,0.127482178232
259,150,0.191223267348
259,200,0.254964356464
259,250,0.31870544558
259,300,0.336571220039
258,1,0.00127976295202
258,50,0.0639881476009
258,100,0.127976295202
258,150,0.191964442803
258,200,0.255952590404
258,250,0.319940738005
258,300,0.337356227687
257,1,0.0012847425744
257,50,0.06423712872
257,100,0.12847425744
257,150,0.19271138616
257,200,0.25694851488
257,250,0.3211856436
257,300,0.338144976618
256,1,0.00128976110008
256,50,0.0644880550041
256,100,0.128976110008
256,150,0.193464165012
256,200,0.257952220016
256,250,0.32244027502
256,300,0.338937510674
255,1,0.00129481898675
255,50,0.0647409493374
255,100,0.129481898675
255,150,0.194222848012
255,200,0.25896379735
255,250,0.323704746687
255,300,0.339733874388
254,1,0.00129991669929
254,50,0.0649958349647
254,100,0.129991669929
254,150,0.194987504894
254,200,0.259983339859
254,250,0.324979174824
254,300,0.340041987006
253,1,0.00130505470996
253,50,0.0652527354982
253,100,0.130505470996
253,150,0.195758206495
253,200,0.261010941993
253,250,0.326263677491
253,300,0.340350130137
252,1,0.0013102334985
252,50,0.0655116749248
252,100,0.13102334985
252,150,0.196535024774
252,200,0.262046699699
252,250,0.327558374624
252,300,0.340658304143
251,1,0.00131545355227
251,50,0.0657726776137
251,100,0.131545355227
251,150,0.197318032841
251,200,0.263090710455
251,250,0.328863388069
251,300,0.340966509394
250,1,0.00132071536648
250,50,0.0660357683242
250,100,0.132071536648
250,150,0.198107304972
250,200,0.264143073297
250,250,0.330178841621
250,300,0.341274698773
249,1,0.00132601944426
249,50,0.066300972213
249,100,0.132601944426
249,150,0.198902916639
249,200,0.265203888852
249,250,0.330531414428
249,300,0.341582888151
248,1,0.00133136629686
248,50,0.0665683148429
248,100,0.133136629686
248,150,0.199704944529
248,200,0.266273259372
248,250,0.330883987235
248,300,0.34189107753
247,1,0.00133675644381
247,50,0.0668378221904
247,100,0.133675644381
247,150,0.200513466571
247,200,0.267351288762
247,250,0.331236560042
247,300,0.342199266908
246,1,0.00134219041309
246,50,0.0671095206546
246,100,0.134219041309
246,150,0.201328561964
246,200,0.268438082619
246,250,0.33158913285
246,300,0.342507456287
245,1,0.00134766874131
245,50,0.0673834370655
245,100,0.134766874131
245,150,0.202150311196
245,200,0.269533748262
245,250,0.331941705657
245,300,0.342815645666
244,1,0.00135319197386
244,50,0.0676595986928
244,100,0.135319197386
244,150,0.202978796078
244,200,0.270638394771
244,250,0.332294278464
244,300,0.343123835044
243,1,0.00135876066511
243,50,0.0679380332553
243,100,0.135876066511
243,150,0.203814099766
243,200,0.271752133021
243,250,0.332646851271
243,300,0.343432024423
242,1,0.0013643753786
242,50,0.0682187689299
242,100,0.13643753786
242,150,0.20465630679
242,200,0.27287507572
242,250,0.332999424078
242,300,0.343740213801
241,1,0.00137003668722
241,50,0.0685018343612
241,100,0.137003668722
241,150,0.205505503083
241,200,0.274007337445
241,250,0.333351996886
241,300,0.34404840318
240,1,0.00137574517342
240,50,0.068787258671
240,100,0.137574517342
240,150,0.206361776013
240,200,0.275149034684
240,250,0.333704569693
240,300,0.344356592559
239,1,0.00138150142938
239,50,0.0690750714688
239,100,0.138150142938
239,150,0.207225214406
239,200,0.276300285875
239,250,0.3340571425
239,300,0.344664781937
238,1,0.00138730605723
238,50,0.0693653028615
238,100,0.138730605723
238,150,0.208095908585
238,200,0.277461211446
238,250,0.334409715307
238,300,0.344972971316
237,1,0.00139315966929
237,50,0.0696579834643
237,100,0.139315966929
237,150,0.208973950393
237,200,0.278631933857
237,250,0.334762288115
237,300,0.345281160694
236,1,0.00139906288822
236,50,0.0699531444112
236,100,0.139906288822
236,150,0.209859433234
236,200,0.279812577645
236,250,0.335114860922
236,300,0.345589350073
235,1,0.00140501634732
235,50,0.0702508173661
235,100,0.140501634732
235,150,0.210752452098
235,200,0.281003269465
235,250,0.335467433729
235,300,0.345897539452
234,1,0.00141102069069
234,50,0.0705510345344
234,100,0.141102069069
234,150,0.211653103603
234,200,0.282204138137
234,250,0.335820006536
234,300,0.34620572883
233,1,0.00141707657348
233,50,0.070853828674
233,100,0.141707657348
233,150,0.212561486022
233,200,0.283415314696
233,250,0.336172579343
233,300,0.346513918209
232,1,0.00142318466216
232,50,0.0711592331079
232,100,0.142318466216
232,150,0.213477699324
232,200,0.284636932432
232,250,0.336525152151
232,300,0.346822107587
231,1,0.00142934563472
231,50,0.0714672817361
231,100,0.142934563472
231,150,0.214401845208
231,200,0.285869126944
231,250,0.336877724958
231,300,0.347130296966
230,1,0.00143556018096
230,50,0.071778009048
230,100,0.143556018096
230,150,0.215334027144
230,200,0.287112036192
230,250,0.337230297765
230,300,0.347438486345
229,1,0.00144182900271
229,50,0.0720914501355
229,100,0.144182900271
229,150,0.216274350407
229,200,0.288365800542
229,250,0.337582870572
229,300,0.347746675723
228,1,0.00144815281413
228,50,0.0724076407063
228,100,0.144815281413
228,150,0.217222922119
228,200,0.289630562825
228,250,0.337935443379
228,300,0.348054865102
227,1,0.00145453234194
227,50,0.0727266170971
227,100,0.145453234194
227,150,0.218179851291
227,200,0.290906468388
227,250,0.338288016187
227,300,0.34836305448
226,1,0.00146096832576
226,50,0.0730484162878
226,100,0.146096832576
226,150,0.219145248863
226,200,0.292193665151
226,250,0.338640588994
226,300,0.348671243859
225,1,0.00146746151831
225,50,0.0733730759157
225,100,0.146746151831
225,150,0.220119227747
225,200,0.293492303663
225,250,0.338993161801
225,300,0.348979433238
224,1,0.00147401268581
224,50,0.0737006342904
224,100,0.147401268581
224,150,0.221101902871
224,200,0.294802537161
224,250,0.339345734608
224,300,0.349287622616
223,1,0.00148062260817
223,50,0.0740311304083
223,100,0.148062260817
223,150,0.222093391225
223,200,0.296124521633
223,250,0.339698307415
223,300,0.349595811995
222,1,0.00148729207937
222,50,0.0743646039687
222,100,0.148729207937
222,150,0.223093811906
222,200,0.297458415875
222,250,0.340050880223
222,300,0.349904001373
221,1,0.00149402190779
221,50,0.0747010953893
221,100,0.149402190779
221,150,0.224103286168
221,200,0.298804381557
221,250,0.34040345303
221,300,0.350212190752
220,1,0.00150081291646
220,50,0.0750406458229
220,100,0.150081291646
220,150,0.225121937469
220,200,0.300162583292
220,250,0.340756025837
220,300,0.350520380131
219,1,0.00150766594347
219,50,0.0753832971737
219,100,0.150766594347
219,150,0.226149891521
219,200,0.301533188695
219,250,0.341108598644
219,300,0.350828569509
218,1,0.0015145818423
218,50,0.0757290921149
218,100,0.15145818423
218,150,0.227187276345
218,200,0.302916368459
218,250,0.341461171451
218,300,0.351136758888
217,1,0.00152156148212
217,50,0.0760780741062
217,100,0.152156148212
217,150,0.228234222319
217,200,0.304312296425
217,250,0.341813744259
217,300,0.351444948266
216,1,0.00152860574824
216,50,0.0764302874122
216,100,0.152860574824
216,150,0.229290862237
216,200,0.305721149649
216,250,0.342166317066
216,300,0.351753137645
215,1,0.00153571554242
215,50,0.0767857771211
215,100,0.153571554242
215,150,0.230357331363
215,200,0.307143108484
215,250,0.342518889873
215,300,0.352061327024
214,1,0.00154289178327
214,50,0.0771445891637
214,100,0.154289178327
214,150,0.231433767491
214,200,0.308578356655
214,250,0.34287146268
214,300,0.352369516402
213,1,0.00155013540667
213,50,0.0775067703335
213,100,0.155013540667
213,150,0.232520311001
213,200,0.310027081334
213,250,0.343224035487
213,300,0.352677705781
212,1,0.00155744736614
212,50,0.0778723683068
212,100,0.155744736614
212,150,0.23361710492
212,200,0.311489473227
212,250,0.343576608295
212,300,0.352985895159
211,1,0.00156482863327
211,50,0.0782414316637
211,100,0.156482863327
211,150,0.234724294991
211,200,0.312965726655
211,250,0.343929181102
211,300,0.353294084538
210,1,0.00157228019819
210,50,0.0786140099097
210,100,0.157228019819
210,150,0.235842029729
210,200,0.314456039639
210,250,0.344281753909
210,300,0.353602273917
209,1,0.00157980306996
209,50,0.0789901534978
209,100,0.157980306996
209,150,0.236970460493
209,200,0.315960613991
209,250,0.344634326716
209,300,0.353910463295
208,1,0.00158739827702
208,50,0.0793699138512
208,100,0.158739827702
208,150,0.238109741553
208,200,0.317479655405
208,250,0.344986899523
208,300,0.354218652674
207,1,0.00159506686773
207,50,0.0797533433867
207,100,0.159506686773
207,150,0.23926003016
207,200,0.319013373547
207,250,0.345339472331
207,300,0.354526842052
206,1,0.00160280991078
206,50,0.080140495539
206,100,0.160280991078
206,150,0.240421486617
206,200,0.320561982156
206,250,0.345692045138
206,300,0.354835031431
205,1,0.00161062849571
205,50,0.0805314247856
205,100,0.161062849571
205,150,0.241594274357
205,200,0.322125699142
205,250,0.346044617945
205,300,0.35514322081
204,1,0.00161852373344
204,50,0.0809261866718
204,100,0.161852373344
204,150,0.242778560015
204,200,0.323704746687
204,250,0.346397190752
204,300,0.355451410188
203,1,0.00162649675675
203,50,0.0813248378376
203,100,0.162649675675
203,150,0.243974513513
203,200,0.325299351351
203,250,0.34674976356
203,300,0.355759599567
202,1,0.0016345487209
202,50,0.0817274360448
202,100,0.16345487209
202,150,0.245182308134
202,200,0.326909744179
202,250,0.347102336367
202,300,0.356067788945
201,1,0.00164268080408
201,50,0.0821340402042
201,100,0.164268080408
201,150,0.246402120613
201,200,0.328536160817
201,250,0.347454909174
201,300,0.356375978324
200,1,0.0016508942081
200,50,0.0825447104052
200,100,0.16508942081
200,150,0.247634131216
200,200,0.330178841621
200,250,0.347807481981
200,300,0.356684167703
199,1,0.0016591901589
199,50,0.0829595079449
199,100,0.16591901589
199,150,0.248878523835
199,200,0.33061955763
199,250,0.348160054788
199,300,0.356992357081
198,1,0.00166756990718
198,50,0.0833784953588
198,100,0.166756990718
198,150,0.250135486076
198,200,0.331060273639
198,250,0.348512627596
198,300,0.35730054646
197,1,0.00167603472904
197,50,0.083801736452
197,100,0.167603472904
197,150,0.251405209356
197,200,0.331500989648
197,250,0.348865200403
197,300,0.357608735838
196,1,0.00168458592664
196,50,0.0842292963318
196,100,0.168458592664
196,150,0.252687888996
196,200,0.331941705657
196,250,0.34921777321
196,300,0.357916925217
195,1,0.00169322482882
195,50,0.0846612414412
195,100,0.169322482882
195,150,0.253983724324
195,200,0.332382421666
195,250,0.349570346017
195,300,0.358225114596
194,1,0.00170195279186
194,50,0.085097639593
194,100,0.170195279186
194,150,0.255292918779
194,200,0.332823137675
194,250,0.349922918824
194,300,0.358533303974
193,1,0.00171077120011
193,50,0.0855385600054
193,100,0.171077120011
193,150,0.256615680016
193,200,0.333263853684
193,250,0.350275491632
193,300,0.358841493353
192,1,0.00171968146678
192,50,0.0859840733388
192,100,0.171968146678
192,150,0.257952220016
192,200,0.333704569693
192,250,0.350628064439
192,300,0.359149682731
191,1,0.00172868503466
191,50,0.0864342517332
191,100,0.172868503466
191,150,0.2593027552
191,200,0.334145285702
191,250,0.350980637246
191,300,0.35945787211
190,1,0.00173778337695
190,50,0.0868891688476
190,100,0.173778337695
190,150,0.260667506543
190,200,0.334586001711
190,250,0.351333210053
190,300,0.359766061489
189,1,0.00174697799799
189,50,0.0873488998997
189,100,0.174697799799
189,150,0.262046699699
189,200,0.33502671772
189,250,0.35168578286
189,300,0.360074250867
188,1,0.00175627043415
188,50,0.0878135217077
188,100,0.175627043415
188,150,0.263440565123
188,200,0.335467433729
188,250,0.352038355668
188,300,0.360382440246
187,1,0.00176566225466
187,50,0.0882831127328
187,100,0.176566225466
187,150,0.264849338199
187,200,0.335908149738
187,250,0.352390928475
187,300,0.360690629624
186,1,0.00177515506248
186,50,0.0887577531239
186,100,0.177515506248
186,150,0.266273259372
186,200,0.336348865747
186,250,0.352743501282
186,300,0.360998819003
185,1,0.00178475049525
185,50,0.0892375247624
185,100,0.178475049525
185,150,0.267712574287
185,200,0.336789581756
185,250,0.353096074089
185,300,0.361307008382
184,1,0.0017944502262
184,50,0.08972251131
184,100,0.17944502262
184,150,0.26916753393
184,200,0.337230297765
184,250,0.353448646896
184,300,0.36161519776
183,1,0.00180425596514
183,50,0.0902127982571
183,100,0.180425596514
183,150,0.270638394771
183,200,0.337671013774
183,250,0.353801219704
183,300,0.361923387139
182,1,0.00181416945946
182,50,0.0907084729728
182,100,0.181416945946
182,150,0.272125418918
182,200,0.338111729783
182,250,0.354153792511
182,300,0.362231576517
181,1,0.00182419249514
181,50,0.0912096247571
181,100,0.182419249514
181,150,0.273628874271
181,200,0.338552445792
181,250,0.354506365318
181,300,0.362539765896
180,1,0.00183432689789
180,50,0.0917163448947
180,100,0.183432689789
180,150,0.275149034684
180,200,0.338993161801
180,250,0.354858938125
180,300,0.362847955275
179,1,0.00184457453419
179,50,0.0922287267097
179,100,0.184457453419
179,150,0.276686180129
179,200,0.33943387781
179,250,0.355211510932
179,300,0.363156144653
178,1,0.00185493731248
178,50,0.0927468656238
178,100,0.185493731248
178,150,0.278240596871
178,200,0.339874593819
178,250,0.35556408374
178,300,0.363464334032
177,1,0.0018654171843
177,50,0.0932708592149
177,100,0.18654171843
177,150,0.279812577645
177,200,0.340315309828
177,250,0.355916656547
177,300,0.36377252341
176,1,0.00187601614557
176,50,0.0938008072786
176,100,0.187601614557
176,150,0.281402421836
176,200,0.340756025837
176,250,0.356269229354
176,300,0.364080712789
175,1,0.00188673623783
175,50,0.0943368118917
175,100,0.188673623783
175,150,0.283010435675
175,200,0.341196741846
175,250,0.356621802161
175,300,0.364388902168
174,1,0.00189757954954
174,50,0.0948789774772
174,100,0.189757954954
174,150,0.284636932432
174,200,0.341637457855
174,250,0.356974374969
174,300,0.364697091546
173,1,0.00190854821746
173,50,0.0954274108731
173,100,0.190854821746
173,150,0.286282232619
173,200,0.342078173864
173,250,0.357326947776
173,300,0.365005280925
172,1,0.00191964442803
172,50,0.0959822214014
172,100,0.191964442803
172,150,0.287946664204
172,200,0.342518889873
172,250,0.357679520583
172,300,0.365313470303
171,1,0.00193087041884
171,50,0.0965435209418
171,100,0.193087041884
171,150,0.289630562825
171,200,0.342959605882
171,250,0.35803209339
171,300,0.365621659682
170,1,0.00194222848012
170,50,0.0971114240061
170,100,0.194222848012
170,150,0.291334272018
170,200,0.343400321891
170,250,0.358384666197
170,300,0.365929849061
169,1,0.00195372095634
169,50,0.0976860478168
169,100,0.195372095634
169,150,0.29305814345
169,200,0.3438410379
169,250,0.358737239005
169,300,0.366238038439
168,1,0.00196535024774
168,50,0.0982675123871
168,100,0.196535024774
168,150,0.294802537161
168,200,0.344281753909
168,250,0.359089811812
168,300,0.366546227818
167,1,0.0019771188121
167,50,0.098855940605
167,100,0.19771188121
167,150,0.296567821815
167,200,0.344722469918
167,250,0.359442384619
167,300,0.366854417196
166,1,0.00198902916639
166,50,0.0994514583195
166,100,0.198902916639
166,150,0.298354374959
166,200,0.345163185927
166,250,0.359794957426
166,300,0.367162606575
165,1,0.00200108388861
165,50,0.100054194431
165,100,0.200108388861
165,150,0.300162583292
165,200,0.345603901936
165,250,0.360147530233
165,300,0.367470795954
164,1,0.00201328561964
164,50,0.100664280982
164,100,0.201328561964
164,150,0.301992842946
164,200,0.346044617945
164,250,0.360500103041
164,300,0.367778985332
163,1,0.00202563706516
163,50,0.101281853258
163,100,0.202563706516
163,150,0.303845559774
163,200,0.346485333954
163,250,0.360852675848
163,300,0.368087174711
162,1,0.00203814099766
162,50,0.101907049883
162,100,0.203814099766
162,150,0.305721149649
162,200,0.346926049963
162,250,0.361205248655
162,300,0.368395364089
161,1,0.00205080025851
161,50,0.102540012926
161,100,0.205080025851
161,150,0.307620038777
161,200,0.347366765972
161,250,0.361557821462
161,300,0.368703553468
160,1,0.00206361776013
160,50,0.103180888007
160,100,0.206361776013
160,150,0.30954266402
160,200,0.347807481981
160,250,0.361910394269
160,300,0.369011742847
159,1,0.00207659648818
159,50,0.103829824409
159,100,0.207659648818
159,150,0.311489473227
159,200,0.34824819799
159,250,0.362262967077
159,300,0.369319932225
158,1,0.00208973950393
158,50,0.104486975196
158,100,0.208973950393
158,150,0.313460925589
158,200,0.348688913999
158,250,0.362615539884
158,300,0.369628121604
157,1,0.00210304994663
157,50,0.105152497331
157,100,0.210304994663
157,150,0.315457491994
157,200,0.349129630008
157,250,0.362968112691
157,300,0.369936310982
156,1,0.00211653103603
156,50,0.105826551802
156,100,0.211653103603
156,150,0.317479655405
156,200,0.349570346017
156,250,0.363320685498
156,300,0.370244500361
155,1,0.00213018607497
155,50,0.106509303749
155,100,0.213018607497
155,150,0.319527911246
155,200,0.350011062026
155,250,0.363673258305
155,300,0.37055268974
154,1,0.00214401845208
154,50,0.107200922604
154,100,0.214401845208
154,150,0.321602767812
154,200,0.350451778035
154,250,0.364025831113
154,300,0.370860879118
153,1,0.00215803164458
153,50,0.107901582229
153,100,0.215803164458
153,150,0.323704746687
153,200,0.350892494044
153,250,0.36437840392
153,300,0.371169068497
152,1,0.00217222922119
152,50,0.108611461059
152,100,0.217222922119
152,150,0.325834383178
152,200,0.351333210053
152,250,0.364730976727
152,300,0.371477257875
151,1,0.00218661484517
151,50,0.109330742259
151,100,0.218661484517
151,150,0.327992226776
151,200,0.351773926062
151,250,0.365083549534
151,300,0.371785447254
150,1,0.00220119227747
150,50,0.110059613874
150,100,0.220119227747
150,150,0.330178841621
150,200,0.352214642071
150,250,0.365436122341
150,300,0.38739389479
149,1,0.00221596538001
149,50,0.110798269
149,100,0.221596538001
149,150,0.330766462966
149,200,0.35265535808
149,250,0.365788695149
149,300,0.387687379115
148,1,0.00223093811906
148,50,0.111546905953
148,100,0.223093811906
148,150,0.331354084312
148,200,0.353096074089
148,250,0.366141267956
148,300,0.38798086344
147,1,0.00224611456885
147,50,0.112305728442
147,100,0.224611456885
147,150,0.331941705657
147,200,0.353536790098
147,250,0.366493840763
147,300,0.388274347765
146,1,0.00226149891521
146,50,0.113074945761
146,100,0.226149891521
146,150,0.332529327002
146,200,0.353977506107
146,250,0.36684641357
146,300,0.38856783209
145,1,0.00227709545945
145,50,0.113854772973
145,100,0.227709545945
145,150,0.333116948348
145,200,0.354418222116
145,250,0.367198986378
145,300,0.388861316415
144,1,0.00229290862237
144,50,0.114645431118
144,100,0.229290862237
144,150,0.333704569693
144,200,0.354858938125
144,250,0.367551559185
144,300,0.38915480074
143,1,0.0023089429484
143,50,0.11544714742
143,100,0.23089429484
143,150,0.334292191038
143,200,0.355299654134
143,250,0.367904131992
143,300,0.403007169362
142,1,0.00232520311001
142,50,0.1162601555
142,100,0.232520311001
142,150,0.334879812384
142,200,0.355740370143
142,250,0.368256704799
142,300,0.403266174642
141,1,0.0023416939122
141,50,0.11708469561
141,100,0.23416939122
141,150,0.335467433729
141,200,0.356181086152
141,250,0.368609277606
141,300,0.403525179923
140,1,0.00235842029729
140,50,0.117921014865
140,100,0.235842029729
140,150,0.336055055074
140,200,0.356621802161
140,250,0.368961850414
140,300,0.403784185203
139,1,0.00237538734979
139,50,0.11876936749
139,100,0.237538734979
139,150,0.33664267642
139,200,0.35706251817
139,250,0.369314423221
139,300,0.404043190484
138,1,0.0023926003016
138,50,0.11963001508
138,100,0.23926003016
138,150,0.337230297765
138,200,0.357503234179
138,250,0.369666996028
138,300,0.404302195764
137,1,0.00241006453738
137,50,0.120503226869
137,100,0.241006453738
137,150,0.33781791911
137,200,0.357943950188
137,250,0.370019568835
137,300,0.419279619713
136,1,0.00242778560015
136,50,0.121389280008
136,100,0.242778560015
136,150,0.338405540456
136,200,0.358384666197
136,250,0.370372141642
136,300,0.419564503187
135,1,0.00244576919719
135,50,0.12228845986
135,100,0.244576919719
135,150,0.338993161801
135,200,0.358825382206
135,250,0.37072471445
135,300,0.419849386661
134,1,0.00246402120613
134,50,0.123201060306
134,100,0.246402120613
134,150,0.339580783146
134,200,0.359266098215
134,250,0.371077287257
134,300,0.420134270135
133,1,0.00248254768136
133,50,0.124127384068
133,100,0.248254768136
133,150,0.340168404492
133,200,0.359706814224
133,250,0.371429860064
133,300,0.420419153609
132,1,0.00250135486076
132,50,0.125067743038
132,100,0.250135486076
132,150,0.340756025837
132,200,0.360147530233
132,250,0.371782432871
132,300,0.420704037083
131,1,0.00252044917268
131,50,0.126022458634
131,100,0.252044917268
131,150,0.341343647182
131,200,0.360588246242
131,250,0.372135005678
131,300,0.420988920557
130,1,0.00253983724324
130,50,0.126991862162
130,100,0.253983724324
130,150,0.341931268528
130,200,0.361028962251
130,250,0.372487578486
130,300,0.421273804031
129,1,0.00255952590404
129,50,0.127976295202
129,100,0.255952590404
129,150,0.342518889873
129,200,0.36146967826
129,250,0.372840151293
129,300,0.421558687505
128,1,0.00257952220016
128,50,0.128976110008
128,100,0.257952220016
128,150,0.343106511218
128,200,0.361910394269
128,250,0.3731927241
128,300,0.421843570979
127,1,0.00259983339859
127,50,0.129991669929
127,100,0.259983339859
127,150,0.343694132564
127,200,0.362351110278
127,250,0.373545296907
127,300,0.422128454453
126,1,0.00262046699699
126,50,0.13102334985
126,100,0.262046699699
126,150,0.344281753909
126,200,0.362791826287
126,250,0.373897869714
126,300,0.422413337927
125,1,0.00264143073297
125,50,0.132071536648
125,100,0.264143073297
125,150,0.344869375254
125,200,0.363232542296
125,250,0.418322043422
125,300,0.423194198097
124,1,0.00266273259372
124,50,0.133136629686
124,100,0.266273259372
124,150,0.3454569966
124,200,0.363673258305
124,250,0.418649777972
124,300,0.423482955409
123,1,0.00268438082619
123,50,0.134219041309
123,100,0.268438082619
123,150,0.346044617945
123,200,0.364113974314
123,250,0.418977512521
123,300,0.423771712721
122,1,0.00270638394771
122,50,0.135319197386
122,100,0.270638394771
122,150,0.34663223929
122,200,0.364554690323
122,250,0.41930524707
122,300,0.424060470032
121,1,0.0027287507572
121,50,0.13643753786
121,100,0.27287507572
121,150,0.347219860636
121,200,0.364995406332
121,250,0.419632981619
121,300,0.424349227344
120,1,0.00275149034684
120,50,0.137574517342
120,100,0.275149034684
120,150,0.347807481981
120,200,0.365436122341
120,250,0.419960716168
120,300,0.424637984656
119,1,0.00277461211446
119,50,0.138730605723
119,100,0.277461211446
119,150,0.348395103326
119,200,0.36587683835
119,250,0.420288450717
119,300,0.424926741968
118,1,0.00279812577645
118,50,0.139906288822
118,100,0.279812577645
118,150,0.348982724672
118,200,0.36631755436
118,250,0.420616185266
118,300,0.425215499279
117,1,0.00282204138137
117,50,0.141102069069
117,100,0.282204138137
117,150,0.349570346017
117,200,0.366758270369
117,250,0.420943919815
117,300,0.425504256591
116,1,0.00284636932432
116,50,0.142318466216
116,100,0.284636932432
116,150,0.350157967363
116,200,0.367198986378
116,250,0.421271654364
116,300,0.425793013903
115,1,0.00287112036192
115,50,0.143556018096
115,100,0.287112036192
115,150,0.350745588708
115,200,0.367639702387
115,250,0.421599388914
115,300,0.426081771214
114,1,0.00289630562825
114,50,0.144815281413
114,100,0.289630562825
114,150,0.351333210053
114,200,0.368080418396
114,250,0.421927123463
114,300,0.426370528526
113,1,0.00292193665151
113,50,0.146096832576
113,100,0.292193665151
113,150,0.351920831399
113,200,0.368521134405
113,250,0.422254858012
113,300,0.426659285838
112,1,0.00294802537161
112,50,0.147401268581
112,100,0.294802537161
112,150,0.352508452744
112,200,0.368961850414
112,250,0.422582592561
112,300,0.42694804315
111,1,0.00297458415875
111,50,0.148729207937
111,100,0.297458415875
111,150,0.353096074089
111,200,0.369402566423
111,250,0.42291032711
111,300,0.427236800461
110,1,0.00300162583292
110,50,0.150081291646
110,100,0.300162583292
110,150,0.353683695435
110,200,0.369843282432
110,250,0.423238061659
110,300,0.427525557773
109,1,0.00302916368459
109,50,0.15145818423
109,100,0.302916368459
109,150,0.35427131678
109,200,0.370283998441
109,250,0.423565796208
109,300,0.427814315085
108,1,0.00305721149649
108,50,0.152860574824
108,100,0.305721149649
108,150,0.354858938125
108,200,0.37072471445
108,250,0.423893530757
108,300,0.428103072396
107,1,0.00308578356655
107,50,0.154289178327
107,100,0.308578356655
107,150,0.355446559471
107,200,0.371165430459
107,250,0.424221265306
107,300,0.428391829708
106,1,0.00311489473227
106,50,0.155744736614
106,100,0.311489473227
106,150,0.356034180816
106,200,0.371606146468
106,250,0.424548999856
106,300,0.42868058702
105,1,0.00314456039639
105,50,0.157228019819
105,100,0.314456039639
105,150,0.356621802161
105,200,0.372046862477
105,250,0.424876734405
105,300,0.428969344331
104,1,0.00317479655405
104,50,0.158739827702
104,100,0.317479655405
104,150,0.357209423507
104,200,0.372487578486
104,250,0.425204468954
104,300,0.429258101643
103,1,0.00320561982156
103,50,0.160280991078
103,100,0.320561982156
103,150,0.357797044852
103,200,0.372928294495
103,250,0.425532203503
103,300,0.429546858955
102,1,0.00323704746687
102,50,0.161852373344
102,100,0.323704746687
102,150,0.358384666197
102,200,0.373369010504
102,250,0.425859938052
102,300,0.429835616267
101,1,0.00326909744179
101,50,0.16345487209
101,100,0.326909744179
101,150,0.358972287543
101,200,0.373809726513
101,250,0.426187672601
101,300,0.430124373578
100,1,0.00330178841621
100,50,0.16508942081
100,100,0.330178841621
100,150,0.359559908888
100,200,0.418322043422
100,250,0.42651540715
100,300,0.439142797634
99,1,0.00333513981435
99,50,0.166756990718
99,100,0.331060273639
99,150,0.360147530233
99,200,0.418731711609
99,250,0.426843141699
99,300,0.439400291952
98,1,0.00336917185327
98,50,0.168458592664
98,100,0.331941705657
98,150,0.360735151579
98,200,0.419141379795
98,250,0.427170876248
98,300,0.439657786269
97,1,0.00340390558372
97,50,0.170195279186
97,100,0.332823137675
97,150,0.361322772924
97,200,0.419551047982
97,250,0.427498610797
97,300,0.439915280587
96,1,0.00343936293355
96,50,0.171968146678
96,100,0.333704569693
96,150,0.361910394269
96,200,0.419960716168
96,250,0.427826345347
96,300,0.440172774904
95,1,0.0034755667539
95,50,0.173778337695
95,100,0.334586001711
95,150,0.362498015615
95,200,0.420370384354
95,250,0.428154079896
95,300,0.44617200967
94,1,0.00351254086831
94,50,0.175627043415
94,100,0.335467433729
94,150,0.36308563696
94,200,0.420780052541
94,250,0.428481814445
94,300,0.446397963497
93,1,0.00355031012496
93,50,0.177515506248
93,100,0.336348865747
93,150,0.363673258305
93,200,0.421189720727
93,250,0.428809548994
93,300,0.446623917325
92,1,0.0035889004524
92,50,0.17944502262
92,100,0.337230297765
92,150,0.364260879651
92,200,0.421599388914
92,250,0.429137283543
92,300,0.446849871153
91,1,0.00362833891891
91,50,0.181416945946
91,100,0.338111729783
91,150,0.364848500996
91,200,0.4220090571
91,250,0.429465018092
91,300,0.459248564359
90,1,0.00366865379579
90,50,0.183432689789
90,100,0.338993161801
90,150,0.365436122341
90,200,0.422418725286
90,250,0.429792752641
90,300,0.459465273931
89,1,0.00370987462495
89,50,0.185493731248
89,100,0.339874593819
89,150,0.366023743687
89,200,0.422828393473
89,250,0.43012048719
89,300,0.459681983502
88,1,0.00375203229115
88,50,0.187601614557
88,100,0.340756025837
88,150,0.366611365032
88,200,0.423238061659
88,250,0.430448221739
88,300,0.459898693074
87,1,0.00379515909909
87,50,0.189757954954
87,100,0.341637457855
87,150,0.367198986378
87,200,0.423647729845
87,250,0.430775956289
87,300,0.460115402645
86,1,0.00383928885606
86,50,0.191964442803
86,100,0.342518889873
86,150,0.367786607723
86,200,0.424057398032
86,250,0.431103690838
86,300,0.460332112217
85,1,0.00388445696024
85,50,0.194222848012
85,100,0.343400321891
85,150,0.368374229068
85,200,0.424467066218
85,250,0.431431425387
85,300,0.460548821788
84,1,0.00393070049549
84,50,0.196535024774
84,100,0.344281753909
84,150,0.368961850414
84,200,0.424876734405
84,250,0.431759159936
84,300,0.46076553136
83,1,0.00397805833278
83,50,0.198902916639
83,100,0.345163185927
83,150,0.369549471759
83,200,0.425286402591
83,250,0.459371472738
83,300,0.461638253107
82,1,0.00402657123928
82,50,0.201328561964
82,100,0.346044617945
82,150,0.370137093104
82,200,0.425696070777
82,250,0.45961930477
82,300,0.461858774532
81,1,0.00407628199532
81,50,0.203814099766
81,100,0.346926049963
81,150,0.37072471445
81,200,0.426105738964
81,250,0.459867136802
81,300,0.462079295957
80,1,0.00412723552026
80,50,0.206361776013
80,100,0.347807481981
80,150,0.371312335795
80,200,0.42651540715
80,250,0.460114968833
80,300,0.462299817382
79,1,0.00417947900786
79,50,0.208973950393
79,100,0.348688913999
79,150,0.37189995714
79,200,0.426925075337
79,250,0.460362800865
79,300,0.462520338807
78,1,0.00423306207206
78,50,0.211653103603
78,100,0.349570346017
78,150,0.372487578486
78,200,0.427334743523
78,250,0.460610632897
78,300,0.462740860232
77,1,0.00428803690417
77,50,0.214401845208
77,100,0.350451778035
77,150,0.373075199831
77,200,0.427744411709
77,250,0.460858464928
77,300,0.462961381657
76,1,0.00434445844238
76,50,0.217222922119
76,100,0.351333210053
76,150,0.373662821176
76,200,0.428154079896
76,250,0.46110629696
76,300,0.463181903081
75,1,0.00440238455494
75,50,0.220119227747
75,100,0.352214642071
75,150,0.418322043422
75,200,0.428563748082
75,250,0.461354128992
75,300,0.467604950001
74,1,0.00446187623812
74,50,0.223093811906
74,100,0.353096074089
74,150,0.418868267671
74,200,0.428973416268
74,250,0.461601961024
74,300,0.467801408148
73,1,0.00452299783042
73,50,0.226149891521
73,100,0.353977506107
73,150,0.41941449192
73,200,0.429383084455
73,250,0.461849793055
73,300,0.467997866294
72,1,0.00458581724473
72,50,0.229290862237
72,100,0.354858938125
72,150,0.419960716168
72,200,0.429792752641
72,250,0.462097625087
72,300,0.468194324441
71,1,0.00465040622001
71,50,0.232520311001
71,100,0.355740370143
71,150,0.420506940417
71,200,0.430202420828
71,250,0.462345457119
71,300,0.470441537746
70,1,0.00471684059458
70,50,0.235842029729
70,100,0.356621802161
70,150,0.421053164665
70,200,0.430612089014
70,250,0.462593289151
70,300,0.470621415319
69,1,0.0047852006032
69,50,0.23926003016
69,100,0.357503234179
69,150,0.421599388914
69,200,0.4310217572
69,250,0.462841121182
69,300,0.470801292892
68,1,0.00485557120031
68,50,0.242778560015
68,100,0.358384666197
68,150,0.422145613162
68,200,0.431431425387
68,250,0.463088953214
68,300,0.479469088201
67,1,0.00492804241225
67,50,0.246402120613
67,100,0.359266098215
67,150,0.422691837411
67,200,0.431841093573
67,250,0.463336785246
67,300,0.479627533162
66,1,0.00500270972153
66,50,0.250135486076
66,100,0.360147530233
66,150,0.423238061659
66,200,0.459495388754
66,250,0.463584617278
66,300,0.479785978124
65,1,0.00507967448647
65,50,0.253983724324
65,100,0.361028962251
65,150,0.423784285908
65,200,0.459805178794
65,250,0.463832449309
65,300,0.479944423086
64,1,0.00515904440033
64,50,0.257952220016
64,100,0.361910394269
64,150,0.424330510156
64,200,0.460114968833
64,250,0.464080281341
64,300,0.480102868047
63,1,0.00524093399398
63,50,0.262046699699
63,100,0.362791826287
63,150,0.424876734405
63,200,0.460424758873
63,250,0.464328113373
63,300,0.480261313009
62,1,0.00532546518743
62,50,0.266273259372
62,100,0.363673258305
62,150,0.425422958653
62,200,0.460734548913
62,250,0.480031663068
62,300,0.481151867929
61,1,0.00541276789542
61,50,0.270638394771
61,100,0.364554690323
61,150,0.425969182902
61,200,0.461044338952
61,250,0.480211926461
61,300,0.481314063502
60,1,0.00550298069368
60,50,0.275149034684
60,100,0.365436122341
60,150,0.42651540715
60,200,0.461354128992
60,250,0.480392189854
60,300,0.483394482763
59,1,0.0055962515529
59,50,0.279812577645
59,100,0.36631755436
59,150,0.427061631399
59,200,0.461663919032
59,250,0.480572453246
59,300,0.48354180881
58,1,0.00569273864863
58,50,0.284636932432
58,100,0.367198986378
58,150,0.427607855647
58,200,0.461973709071
58,250,0.480752716639
58,300,0.483689134856
57,1,0.00579261125651
57,50,0.289630562825
57,100,0.368080418396
57,150,0.428154079896
57,200,0.462283499111
57,250,0.480932980032
57,300,0.484533816823
56,1,0.00589605074323
56,50,0.294802537161
56,100,0.368961850414
56,150,0.428700304144
56,200,0.462593289151
56,250,0.481113243425
56,300,0.484673784745
55,1,0.00600325166583
55,50,0.300162583292
55,100,0.369843282432
55,150,0.429246528393
55,200,0.46290307919
55,250,0.481293506818
55,300,0.484813752666
54,1,0.00611442299298
54,50,0.305721149649
54,100,0.37072471445
54,150,0.429792752641
54,200,0.46321286923
54,250,0.48147377021
54,300,0.490559691374
53,1,0.00622978946454
53,50,0.311489473227
53,100,0.371606146468
53,150,0.43033897689
53,200,0.46352265927
53,250,0.481654033603
53,300,0.490676622599
52,1,0.00634959310809
52,50,0.317479655405
52,100,0.372487578486
52,150,0.430885201138
52,200,0.463832449309
52,250,0.481834296996
52,300,0.490793553823
51,1,0.00647409493374
51,50,0.323704746687
51,100,0.373369010504
51,150,0.431431425387
51,200,0.464142239349
51,250,0.482014560389
51,300,0.490910485048
50,1,0.00660357683242
50,50,0.330178841621
50,100,0.418322043422
50,150,0.459288862061
50,200,0.479941531372
50,250,0.49120799342
50,300,0.492654916007
49,1,0.00673834370655
49,50,0.331941705657
49,100,0.419141379795
49,150,0.459701915447
49,200,0.480166860613
49,250,0.49134045233
49,300,0.492767217781
48,1,0.0068787258671
48,50,0.333704569693
48,100,0.419960716168
48,150,0.460114968833
48,200,0.480392189854
48,250,0.491472911239
48,300,0.492879519554
47,1,0.00702508173661
47,50,0.335467433729
47,100,0.420780052541
47,150,0.46052802222
47,200,0.480617519095
47,250,0.491605370149
47,300,0.493221437752
46,1,0.0071778009048
46,50,0.337230297765
46,100,0.421599388914
46,150,0.460941075606
46,200,0.480842848336
46,250,0.491737829058
46,300,0.493330735693
45,1,0.00733730759157
45,50,0.338993161801
45,100,0.422418725286
45,150,0.461354128992
45,200,0.481068177577
45,250,0.491870287967
45,300,0.497061467709
44,1,0.00750406458229
44,50,0.340756025837
44,100,0.423238061659
44,150,0.461767182378
44,200,0.481293506818
44,250,0.492002746877
44,300,0.497150430308
43,1,0.00767857771211
43,50,0.342518889873
43,100,0.424057398032
43,150,0.462180235764
43,200,0.481518836058
43,250,0.492135205786
43,300,0.497239392907
42,1,0.00786140099097
42,50,0.344281753909
42,100,0.424876734405
42,150,0.462593289151
42,200,0.481744165299
42,250,0.492267664696
42,300,0.497700928451
41,1,0.00805314247856
41,50,0.346044617945
41,100,0.425696070777
41,150,0.463006342537
41,200,0.48196949454
41,250,0.497897869802
41,300,0.498585986784
40,1,0.00825447104052
40,50,0.347807481981
40,100,0.42651540715
40,150,0.463419395923
40,200,0.49120799342
40,250,0.497998266169
40,300,0.498748984983
39,1,0.00846612414412
39,50,0.349570346017
39,100,0.427334743523
39,150,0.463832449309
39,200,0.491373567057
39,250,0.498098662536
39,300,0.501153399098
38,1,0.00868891688476
38,50,0.351333210053
38,100,0.428154079896
38,150,0.464245502695
38,200,0.491539140694
38,250,0.498199058904
38,300,0.501224062249
37,1,0.00892375247624
37,50,0.353096074089
37,100,0.428973416268
37,150,0.480091750866
37,200,0.491704714331
37,250,0.498299455271
37,300,0.501458003895
36,1,0.00917163448947
36,50,0.354858938125
36,100,0.429792752641
36,150,0.480392189854
36,200,0.491870287967
36,250,0.498399851638
36,300,0.501526427057
35,1,0.00943368118917
35,50,0.356621802161
35,100,0.430612089014
35,150,0.480692628842
35,200,0.492035861604
35,250,0.502070859117
35,300,0.502435920812
34,1,0.00971114240061
34,50,0.358384666197
34,100,0.431431425387
34,150,0.48099306783
34,200,0.492201435241
34,250,0.502150292679
34,300,0.503973585487
33,1,0.0100054194431
33,50,0.360147530233
33,100,0.459495388754
33,150,0.481293506818
33,200,0.49787277071
33,250,0.50222972624
33,300,0.504103756685
32,1,0.0103180888007
32,50,0.361910394269
32,100,0.460114968833
32,150,0.481593945805
32,200,0.497998266169
32,250,0.502309159801
32,300,0.504161720989
31,1,0.0106509303749
31,50,0.363673258305
31,100,0.460734548913
31,150,0.481894384793
31,200,0.498123761628
31,250,0.504867557034
31,300,0.505052886323
30,1,0.0110059613874
30,50,0.365436122341
30,100,0.461354128992
30,150,0.49120799342
30,200,0.498249257087
30,250,0.504933650106
30,300,0.506067118091
29,1,0.0113854772973
29,50,0.367198986378
29,100,0.461973709071
29,150,0.491428758269
29,200,0.498374752546
29,250,0.504999743177
29,300,0.506118706905
28,1,0.0117921014865
28,50,0.368961850414
28,100,0.462593289151
28,150,0.491649523118
28,200,0.502070859117
28,250,0.505065836248
28,300,0.506172824836
27,1,0.012228845986
27,50,0.37072471445
27,100,0.46321286923
27,150,0.491870287967
27,200,0.502170151069
27,250,0.506961534606
27,300,0.507650290836
26,1,0.0126991862162
26,50,0.372487578486
26,100,0.463832449309
26,150,0.492091052816
26,200,0.502269443021
26,250,0.507019510496
26,300,0.507699246368
25,1,0.0132071536648
25,50,0.418322043422
25,100,0.479941531372
25,150,0.49783093889
25,200,0.504851033766
25,250,0.508526883627
25,300,0.508587612892
24,1,0.0137574517342
24,50,0.419960716168
24,100,0.480392189854
24,150,0.497998266169
24,200,0.504933650106
24,250,0.508580327479
24,300,0.508999346497
23,1,0.0143556018096
23,50,0.421599388914
23,100,0.480842848336
23,150,0.498165593448
23,200,0.505016266445
23,250,0.50863377133
23,300,0.509048827645
22,1,0.0150081291646
22,50,0.423238061659
22,100,0.481293506818
22,150,0.498332920727
22,200,0.506932546661
22,250,0.509900340375
22,300,0.51015956284
21,1,0.0157228019819
21,50,0.424876734405
21,100,0.481744165299
21,150,0.502070859117
21,200,0.507005016523
21,250,0.509951711
21,300,0.510349735936
20,1,0.016508942081
20,50,0.42651540715
20,100,0.49120799342
20,150,0.502203248386
20,200,0.508526883627
20,250,0.51107297435
20,300,0.511233880319
19,1,0.0173778337695
19,50,0.428154079896
19,100,0.491539140694
19,150,0.502335637655
19,200,0.508593688442
19,250,0.512104434671
19,300,0.512206015026
18,1,0.0183432689789
18,50,0.429792752641
18,100,0.491870287967
18,150,0.504933650106
18,200,0.509874655062
18,250,0.512156153678
18,300,0.512310938778
17,1,0.0194222848012
17,50,0.431431425387
17,100,0.492201435241
17,150,0.505043805225
17,200,0.509938868344
17,250,0.513132715487
17,300,0.513230487004
16,1,0.0206361776013
16,50,0.460114968833
16,100,0.497998266169
16,150,0.506980859903
16,200,0.51107297435
16,250,0.514074324432
16,300,0.514136413114
15,1,0.0220119227747
15,50,0.461354128992
15,100,0.498249257087
15,150,0.508526883627
15,200,0.512117364423
15,250,0.514993948284
15,300,0.51503373196
14,1,0.0235842029729
14,50,0.462593289151
14,100,0.502070859117
14,150,0.508615956713
14,200,0.513106104012
14,250,0.51589970235
14,300,0.515925540274
13,1,0.0253983724324
13,50,0.463832449309
13,100,0.502269443021
13,150,0.509917463917
13,200,0.514060517381
13,250,0.517622478045
13,300,0.51763465288
12,1,0.0275149034684
12,50,0.480392189854
12,100,0.504933650106
12,150,0.51107297435
12,200,0.514993948284
12,250,0.518507267066
12,300,0.518515923204
11,1,0.0300162583292
11,50,0.481293506818
11,100,0.506932546661
11,150,0.512138914009
11,200,0.516749598544
11,250,0.520196182371
11,300,0.520201495601
10,1,0.0330178841621
10,50,0.49120799342
10,100,0.508526883627
10,150,0.514037505628
10,200,0.518473181434
10,250,0.522657943905
10,300,0.5226616996
9,1,0.0366865379579
9,50,0.491870287967
9,100,0.509874655062
9,150,0.514993948284
9,200,0.520177777578
9,250,0.524305361261
9,300,0.524308706689
8,1,0.0412723552026
8,50,0.497998266169
8,100,0.51107297435
8,150,0.516775736334
8,200,0.522657943905
8,250,0.527461307418
8,300,0.527464414796
7,1,0.0471684059458
7,50,0.502070859117
7,100,0.513106104012
7,150,0.519342204025
7,200,0.525101455551
7,250,0.530542221942
7,300,0.53054516691
6,1,0.0550298069368
6,50,0.504933650106
6,100,0.514993948284
6,150,0.522657943905
6,200,0.529011073876
6,250,0.534966259533
6,300,0.534969072664
5,1,0.0660357683242
5,50,0.508526883627
5,100,0.518473181434
5,150,0.526671567742
5,200,0.534231524641
5,250,0.541210172994
5,300,0.541212832951
4,1,0.0825447104052
4,50,0.51107297435
4,100,0.522657943905
4,150,0.532036593254
4,200,0.541210172994
4,250,0.548884848502
4,300,0.54888724564
3,1,0.110059613874
3,50,0.514993948284
3,100,0.529011073876
3,150,0.541210172994
3,200,0.551283162224
3,250,0.560653771515
3,300,0.560655806114
2,1,0.16508942081
2,50,0.522657943905
2,100,0.541210172994
2,150,0.556398765015
2,200,0.568834119129
2,250,0.579015315108
2,300,0.579016774916
1,1,0.330178841621
1,50,0.541210172994
1,100,0.568834119129
1,150,0.587350964468
1,200,0.599763150608
1,250,0.608083270043
1,300,0.608218064704
