300,0.341462762157
299,0.342316597456
298,0.343175810487
297,0.344040455571
296,0.344910587761
295,0.34578626286
294,0.346667537426
293,0.347554468794
292,0.34844711508
291,0.349345535202
290,0.350249788888
289,0.351159936695
288,0.35207604002
287,0.352998161115
286,0.353926363105
285,0.354705376237
284,0.355488763238
283,0.356276570475
282,0.357068844971
281,0.35786563442
280,0.358666987195
279,0.359472952365
278,0.360283579703
277,0.361098919704
276,0.361919023591
275,0.362743943334
274,0.363573731661
273,0.364272627473
272,0.364974668845
271,0.365679890598
270,0.366388328069
269,0.367100017122
268,0.367814994154
267,0.36853329611
266,0.369254960488
265,0.369980025354
264,0.370708529349
263,0.371440511704
262,0.372176012246
261,0.372915071415
260,0.373657730272
259,0.374404030512
258,0.375154014476
257,0.375907725166
256,0.376665206253
255,0.377426502096
254,0.377699531766
253,0.377972576693
252,0.378245637057
251,0.378518713044
250,0.37879180484
249,0.379064912637
248,0.379338036627
247,0.379611177008
246,0.379884333979
245,0.380157507744
244,0.380430698509
243,0.380703906483
242,0.380977131881
241,0.381250374919
240,0.381523635818
239,0.381796914801
238,0.382070212098
237,0.382343527938
236,0.38261686256
235,0.382890216201
234,0.383163589106
233,0.383436981523
232,0.383710393704
231,0.383983825906
230,0.38425727839
229,0.384530751422
228,0.384804245272
227,0.385077760216
226,0.385351296532
225,0.385624854507
224,0.385898434431
223,0.386172036597
222,0.386445661308
221,0.386719308869
220,0.386992979592
219,0.387266673794
218,0.399009747301
217,0.399256431128
216,0.399503139421
215,0.399749872523
214,0.399996630779
213,0.400243414546
212,0.400490224184
211,0.40073706006
210,0.400983922549
209,0.401230812035
208,0.401477728905
207,0.401724673557
206,0.401971646395
205,0.402218647832
204,0.402465678289
203,0.402712738194
202,0.402959827984
201,0.403206948106
200,0.403454099015
199,0.403701281175
198,0.403948495058
197,0.40419574115
196,0.404443019941
195,0.404690331936
194,0.404937677648
193,0.405185057601
192,0.40543247233
191,0.405679922381
190,0.405927408313
189,0.406174930693
188,0.406422490105
187,0.406670087142
186,0.406917722411
185,0.407165396532
184,0.407413110138
183,0.407660863878
182,0.407908658411
181,0.408156494415
180,0.408404372581
179,0.408652293615
178,0.40890025824
177,0.409148267194
176,0.409396321234
175,0.409644421131
174,0.409892567678
173,0.410140761682
172,0.410389003971
171,0.410637295393
170,0.410885636815
169,0.411134029124
168,0.411382473229
167,0.41163097006
166,0.41187952057
165,0.412128125735
164,0.412376786556
163,0.412625504056
162,0.412874279284
161,0.413123113318
160,0.413372007258
159,0.413620962236
158,0.413869979411
157,0.41411905997
156,0.414368205134
155,0.414617416151
154,0.414866694306
153,0.415116040915
152,0.415365457328
151,0.415614944932
150,0.415864505152
149,0.41611413945
148,0.416363849326
147,0.416613636323
146,0.416863502027
145,0.420816398414
144,0.421050207712
143,0.436352074722
142,0.436566158126
141,0.436780328846
140,0.436994588754
139,0.437208939775
138,0.437423383889
137,0.453143044611
136,0.453347767855
135,0.453552590489
134,0.45375751474
133,0.453962542899
132,0.454167677327
131,0.454372920459
130,0.454578274803
129,0.454783742945
128,0.454989327553
127,0.455195031377
126,0.455400857256
125,0.45560680812
124,0.455812886991
123,0.456019096994
122,0.456225441351
121,0.456431923393
120,0.456638546564
119,0.456845314422
118,0.457052230643
117,0.457259299033
116,0.457466523527
115,0.457673908198
114,0.45788145726
113,0.458089175077
112,0.458297066171
111,0.458505135225
110,0.45871338709
109,0.459933681616
108,0.460136038278
107,0.460338593414
106,0.460541352643
105,0.460744321795
104,0.460947506927
103,0.461150914328
102,0.461354550536
101,0.461558422347
100,0.461762536829
99,0.461966901337
98,0.462171523523
97,0.462376411358
96,0.462581573142
95,0.470924507844
94,0.471096770993
93,0.47126933517
92,0.47144221019
91,0.481035878932
90,0.481176807437
89,0.48131807892
88,0.481459705073
87,0.481863068942
86,0.48200335125
85,0.482144026659
84,0.482285109206
83,0.48242661361
82,0.482568555303
81,0.48271095048
80,0.482853816149
79,0.482997170175
78,0.483141031342
77,0.483285419408
76,0.483429803963
75,0.483574188519
74,0.483718573075
73,0.48386295763
72,0.484073056567
71,0.487923033066
70,0.488042892836
69,0.488162752606
68,0.493109217447
67,0.493201396405
66,0.493293575364
65,0.493385754322
64,0.493477933281
63,0.493570112239
62,0.493678739208
61,0.493770728322
60,0.493862717435
59,0.493954706549
58,0.494046695663
57,0.495744521664
56,0.495822646164
55,0.495900770665
54,0.498323624941
53,0.498383223737
52,0.498442822532
51,0.498502421328
50,0.498562020123
49,0.498621618918
48,0.498682217878
47,0.499416550901
46,0.499468816184
45,0.500633025624
44,0.500674198303
43,0.500715615779
42,0.500756784317
41,0.500797952856
40,0.501119517098
39,0.501681430443
38,0.502523946591
37,0.502575450092
36,0.502626968311
35,0.502794543969
34,0.503088038589
33,0.503134365514
32,0.503180688783
31,0.503274739242
30,0.503432791667
29,0.503476475009
28,0.503539793039
27,0.503635080585
26,0.503685577854
25,0.504795245976
24,0.504880861151
23,0.504945566364
22,0.505019185917
21,0.505085360804
20,0.505146871677
19,0.506385864445
18,0.506467028384
17,0.506547676691
16,0.506627988723
15,0.507948177764
14,0.508046974669
13,0.508145753096
12,0.509526898629
11,0.510930356074
10,0.511065031716
9,0.512506727876
8,0.513967679469
7,0.516741613204
6,0.518237676275
5,0.522291474012
4,0.527507494265
3,0.534877098032
2,0.548948863629
1,0.579315299685
