300,301,0.336185202693
300,251,0.352418331179
300,201,0.378687288933
300,151,0.392786139962
300,101,0.404184336204
300,1,0.225416666667
300,51,0.440500050808
299,301,0.337024669608
299,251,0.353309038626
299,201,0.379661261851
299,151,0.393802917085
299,101,0.405189253046
299,1,0.226170568562
299,51,0.441566411399
298,301,0.337869411377
298,251,0.35420537081
298,201,0.38064142757
298,151,0.394826183286
298,101,0.406200699006
298,1,0.226929530201
298,51,0.44263989187
297,301,0.338719481281
297,251,0.355107384546
297,201,0.381627848645
297,151,0.395856004111
297,101,0.407218740033
297,1,0.227693602694
297,51,0.443720564137
296,301,0.33957493332
296,251,0.356015137418
296,201,0.382620588475
296,151,0.396892445993
296,101,0.408243442971
296,1,0.228462837838
296,51,0.44480850109
295,301,0.34043582223
295,251,0.356928687789
295,201,0.383619711318
295,151,0.397935576264
295,101,0.409274875567
295,1,0.229237288136
295,51,0.445903776608
294,301,0.341302203488
294,251,0.357848094818
294,201,0.384625282306
294,151,0.398985463173
294,101,0.410313106492
294,1,0.230017006803
294,51,0.447006465574
293,301,0.34217413333
293,251,0.358773418471
293,201,0.385637367462
293,151,0.400042175901
293,101,0.411358205352
293,1,0.230802047782
293,51,0.448116643893
292,301,0.343051668761
292,251,0.359704719535
292,201,0.386656033712
292,151,0.401105784576
292,101,0.412410242709
292,1,0.231592465753
292,51,0.449234388511
291,301,0.343934867572
291,251,0.360642059633
291,201,0.387681348903
291,151,0.40217636029
291,101,0.413469290093
291,1,0.232388316151
291,51,0.450359777431
290,301,0.344823788348
290,251,0.361585501237
290,201,0.388713381816
290,151,0.403253975116
290,101,0.414535420023
290,1,0.233189655172
290,51,0.451492889733
289,301,0.345718490488
289,251,0.362535107685
289,201,0.389752202186
289,151,0.404338702124
289,101,0.415608706019
289,1,0.233996539792
289,51,0.452633805588
288,301,0.346619034215
288,251,0.363490943194
288,201,0.390797880715
288,151,0.4054306154
288,101,0.416689222624
288,1,0.234809027778
288,51,0.453782606285
287,301,0.347525480589
287,251,0.364453072876
287,201,0.391850489092
287,151,0.406529790061
287,101,0.417777045419
287,1,0.2356271777
287,51,0.454939374244
286,301,0.348437891528
286,251,0.365421562754
286,201,0.392910100007
286,151,0.407636302277
286,101,0.418872251042
286,1,0.236451048951
286,51,0.456104193037
285,301,0.349150009521
285,251,0.366128775224
285,201,0.393620993722
285,151,0.408378461344
285,101,0.419553489127
285,1,0.236842105263
285,51,0.456838550918
284,301,0.349866101796
284,251,0.366840070834
284,201,0.394336257062
284,151,0.40912527028
284,101,0.420239239017
284,1,0.237235915493
284,51,0.457578041611
283,301,0.350586210483
283,251,0.367555492865
283,201,0.395055936348
283,151,0.409876778378
283,101,0.420929548541
283,1,0.237632508834
283,51,0.458322719526
282,301,0.351310378309
282,251,0.368275085218
282,201,0.395780078558
282,151,0.410633035627
282,101,0.421624466206
282,1,0.238031914894
282,51,0.459072639847
281,301,0.352038648609
281,251,0.368998892415
281,201,0.396508731338
281,151,0.411394092731
281,101,0.42232404121
281,1,0.238434163701
281,51,0.459827858543
280,301,0.352771065341
280,251,0.369726959614
280,201,0.397241943017
280,151,0.412160001116
280,101,0.423028323451
280,1,0.238839285714
280,51,0.460588432382
279,301,0.353507673087
279,251,0.370459332622
279,201,0.397979762614
279,151,0.412930812948
279,101,0.423737363546
279,1,0.239247311828
279,51,0.461354418947
278,301,0.354248517076
278,251,0.371196057906
278,201,0.398722239856
278,151,0.41370658114
278,101,0.424451212838
278,1,0.239658273381
278,51,0.462125876647
277,301,0.354993643188
277,251,0.371937182601
277,201,0.399469425187
277,151,0.414487359372
277,101,0.425169923413
277,1,0.240072202166
277,51,0.462902864737
276,301,0.355743097966
276,251,0.372682754527
276,201,0.40022136978
276,151,0.415273202101
276,101,0.42589354811
276,1,0.240489130435
276,51,0.46368544333
275,301,0.356496928633
275,251,0.373432822199
275,201,0.400978125555
275,151,0.416064164576
275,101,0.426622140539
275,1,0.240909090909
275,51,0.464473673413
274,301,0.3572551831
274,251,0.374187434842
274,201,0.401739745191
274,151,0.416860302852
274,101,0.427355755089
274,1,0.241332116788
274,51,0.465267616864
273,301,0.357943712643
273,251,0.374858291238
273,201,0.402376111499
273,151,0.417483842081
273,101,0.427932456704
273,1,0.241758241758
273,51,0.465771152774
272,301,0.35863541232
272,251,0.375532317768
272,201,0.403015657112
272,151,0.418110575856
272,101,0.428512291591
272,1,0.2421875
272,51,0.466277821956
271,301,0.359330317225
271,251,0.376209549526
271,201,0.403658417223
271,151,0.41874053954
271,101,0.429095294435
271,1,0.242619926199
271,51,0.466787659096
270,301,0.360028462971
270,251,0.376890022125
270,201,0.404304427549
270,151,0.419373769022
270,101,0.429681500437
270,1,0.243055555556
270,51,0.467300699392
269,301,0.360729885701
269,251,0.377573771708
269,201,0.404953724339
269,151,0.420010300723
269,101,0.430270945318
269,1,0.243494423792
269,51,0.467816978568
268,301,0.361434622098
268,251,0.378260834959
268,201,0.40560634438
268,151,0.420650171609
268,101,0.430863665336
268,1,0.243936567164
268,51,0.468336532881
267,301,0.362142709395
267,251,0.378951249109
267,201,0.406262325014
267,151,0.421293419197
267,101,0.431459697288
267,1,0.244382022472
267,51,0.468859399128
266,301,0.362854185383
266,251,0.37964505195
266,201,0.40692170414
266,151,0.421940081573
266,101,0.432059078529
266,1,0.244830827068
266,51,0.469385614664
265,301,0.363569088425
265,251,0.380342281845
265,201,0.407584520234
265,151,0.422590197392
265,101,0.432661846975
265,1,0.245283018868
265,51,0.469915217405
264,301,0.364287457465
264,251,0.381042977738
264,201,0.40825081235
264,151,0.423243805899
264,101,0.433268041115
264,1,0.245738636364
264,51,0.47044824584
263,301,0.365009332039
263,251,0.381747179165
263,201,0.408920620141
263,151,0.423900946936
263,101,0.433877700028
263,1,0.246197718631
263,51,0.470984739048
262,301,0.365734752286
262,251,0.382454926265
262,201,0.40959398386
262,151,0.424561660949
262,101,0.434490863385
262,1,0.246660305344
262,51,0.4715247367
261,301,0.366463758962
261,251,0.383166259794
261,201,0.410270944382
261,151,0.425225989008
261,101,0.435107571469
261,1,0.247126436782
261,51,0.472068279079
260,301,0.367196393448
260,251,0.383881221133
260,201,0.410951543208
260,151,0.425893972815
260,101,0.435727865178
260,1,0.247596153846
260,51,0.472615407083
259,301,0.367932697765
259,251,0.384599852304
259,201,0.41163582248
259,151,0.426565654712
259,101,0.436351786047
259,1,0.248069498069
259,51,0.473166162247
258,301,0.368672714586
258,251,0.385322195978
258,201,0.412323824994
258,151,0.427241077701
258,101,0.43697937625
258,1,0.248546511628
258,51,0.473720586745
257,301,0.369416487247
257,251,0.386048295492
257,201,0.413015594213
257,151,0.427920285453
257,101,0.437610678621
257,1,0.249027237354
257,51,0.474278723411
256,301,0.370164059762
256,251,0.386778194861
256,201,0.413711174276
256,151,0.428603322321
256,101,0.438245736662
256,1,0.24951171875
256,51,0.474840615747
255,301,0.370915476836
255,251,0.387511938787
255,201,0.414410610018
255,151,0.429290233352
255,101,0.438884594558
255,1,0.25
255,51,0.475406307937
254,301,0.371178657892
254,251,0.387757446696
254,201,0.414621820995
254,151,0.42948893832
254,101,0.439035171203
254,1,0.25
254,51,0.475483718877
253,301,0.371441884716
253,251,0.388003000374
253,201,0.414833089125
253,151,0.429687719367
253,101,0.439185747848
253,1,0.25
253,51,0.475561129818
252,301,0.371705157854
252,251,0.388248600365
252,201,0.415044415089
252,151,0.429886577398
252,101,0.439336324493
252,1,0.25
252,51,0.475638540758
251,301,0.371968477858
251,251,0.388494247222
251,201,0.415255799578
251,151,0.430085513334
251,101,0.439486901138
251,1,0.25
251,51,0.475715951698
250,301,0.37223175034
250,251,0.388739846557
250,201,0.415467102624
250,151,0.43028429196
250,101,0.439637477783
250,1,0.25
250,51,0.475793362638
249,301,0.372495022822
249,251,0.388985445893
249,201,0.415678405669
249,151,0.430483070585
249,101,0.439788054428
249,1,0.25
249,51,0.475870773578
248,301,0.372758295304
248,251,0.389231045228
248,201,0.415889708715
248,151,0.43068184921
248,101,0.439938631073
248,1,0.25
248,51,0.475948184518
247,301,0.373021567786
247,251,0.389476644563
247,201,0.416101011761
247,151,0.430880627836
247,101,0.440089207718
247,1,0.25
247,51,0.476025595458
246,301,0.373284840268
246,251,0.389722243898
246,201,0.416312314806
246,151,0.431079406461
246,101,0.440239784363
246,1,0.25
246,51,0.476103006398
245,301,0.37354811275
245,251,0.389967843233
245,201,0.416523617852
245,151,0.431278185086
245,101,0.440390361008
245,1,0.25
245,51,0.476180417338
244,301,0.373811385232
244,251,0.390213442568
244,201,0.416734920898
244,151,0.431476963712
244,101,0.440540937654
244,1,0.25
244,51,0.476257828278
243,301,0.374074657713
243,251,0.390459041903
243,201,0.416946223943
243,151,0.431675742337
243,101,0.440691514299
243,1,0.25
243,51,0.476335239218
242,301,0.374337930195
242,251,0.390704641238
242,201,0.417157526989
242,151,0.431874520962
242,101,0.440842090944
242,1,0.25
242,51,0.476412650158
241,301,0.374601202677
241,251,0.390950240573
241,201,0.417368830035
241,151,0.432073299588
241,101,0.440992667589
241,1,0.25
241,51,0.476490061098
240,301,0.374864475159
240,251,0.391195839908
240,201,0.41758013308
240,151,0.432272078213
240,101,0.441143244234
240,1,0.25
240,51,0.476567472038
239,301,0.375127747641
239,251,0.391441439243
239,201,0.417791436126
239,151,0.432470856838
239,101,0.441293820879
239,1,0.25
239,51,0.476644882978
238,301,0.375391020123
238,251,0.391687038578
238,201,0.418002739172
238,151,0.432669635464
238,101,0.441444397524
238,1,0.25
238,51,0.476722293919
237,301,0.375654292605
237,251,0.391932637913
237,201,0.418214042217
237,151,0.432868414089
237,101,0.441594974169
237,1,0.25
237,51,0.476799704859
236,301,0.375917565087
236,251,0.392178237248
236,201,0.418425345263
236,151,0.433067192714
236,101,0.441745550814
236,1,0.25
236,51,0.476877115799
235,301,0.376180837569
235,251,0.392423836583
235,201,0.418636648309
235,151,0.43326597134
235,101,0.441896127459
235,1,0.25
235,51,0.476954526739
234,301,0.376444110051
234,251,0.392669435918
234,201,0.418847951354
234,151,0.433464749965
234,101,0.442046704104
234,1,0.25
234,51,0.477031937679
233,301,0.376707382532
233,251,0.392915035253
233,201,0.4190592544
233,151,0.43366352859
233,101,0.442197280749
233,1,0.25
233,51,0.477109348619
232,301,0.376970655014
232,251,0.393160634589
232,201,0.419270557446
232,151,0.433862307216
232,101,0.442347857395
232,1,0.25
232,51,0.477186759559
231,301,0.377233927496
231,251,0.393406233924
231,201,0.419481860491
231,151,0.434061085841
231,101,0.44249843404
231,1,0.25
231,51,0.477264170499
230,301,0.377497199978
230,251,0.393651833259
230,201,0.419693163537
230,151,0.434259864466
230,101,0.442649010685
230,1,0.25
230,51,0.477341581439
229,301,0.37776047246
229,251,0.393897432594
229,201,0.419904466583
229,151,0.434458643092
229,101,0.44279958733
229,1,0.25
229,51,0.477418992379
228,301,0.378023744942
228,251,0.394143031929
228,201,0.420115769628
228,151,0.434657421717
228,101,0.442950163975
228,1,0.25
228,51,0.477496403319
227,301,0.378287017424
227,251,0.394388631264
227,201,0.420327072674
227,151,0.434856200342
227,101,0.44310074062
227,1,0.25
227,51,0.477573814259
226,301,0.378550289906
226,251,0.394634230599
226,201,0.42053837572
226,151,0.435054978968
226,101,0.443251317265
226,1,0.25
226,51,0.477651225199
225,301,0.378813562388
225,251,0.394879829934
225,201,0.420749678765
225,151,0.435253757593
225,101,0.44340189391
225,1,0.25
225,51,0.477728636139
224,301,0.379076834869
224,251,0.395125429269
224,201,0.420960981811
224,151,0.435452536218
224,101,0.443552470555
224,1,0.25
224,51,0.47780604708
223,301,0.379340107351
223,251,0.395371028604
223,201,0.421172284856
223,151,0.435651314844
223,101,0.4437030472
223,1,0.25
223,51,0.47788345802
222,301,0.379603379833
222,251,0.395616627939
222,201,0.421383587902
222,151,0.435850093469
222,101,0.443853623845
222,1,0.25
222,51,0.47796086896
221,301,0.379866652315
221,251,0.395862227274
221,201,0.421594890948
221,151,0.436048872094
221,101,0.444004200491
221,1,0.25
221,51,0.4780382799
220,301,0.380129924797
220,251,0.396107826609
220,201,0.421806193993
220,151,0.43624765072
220,101,0.444154777136
220,1,0.25
220,51,0.47811569084
219,301,0.380393197279
219,251,0.396353425944
219,201,0.422017497039
219,151,0.436446429345
219,101,0.444305353781
219,1,0.25
219,51,0.47819310178
218,301,0.392335798615
218,251,0.408083336347
218,201,0.433412283969
218,151,0.447535619515
218,101,0.451453136905
218,1,0.25
218,51,0.479469332175
217,301,0.392572225335
217,251,0.408301891083
217,201,0.433596307115
217,151,0.447706967206
217,101,0.451579893003
217,1,0.25
217,51,0.479541460072
216,301,0.392808652055
216,251,0.408520445818
216,201,0.433780330262
216,151,0.447878314896
216,101,0.4517066491
216,1,0.25
216,51,0.47961358797
215,301,0.393045078774
215,251,0.408739000553
215,201,0.433964353408
215,151,0.448049662587
215,101,0.451833405197
215,1,0.25
215,51,0.479685715867
214,301,0.393281505494
214,251,0.408957555289
214,201,0.434148376555
214,151,0.448221010278
214,101,0.451960161295
214,1,0.25
214,51,0.479757843764
213,301,0.393517932214
213,251,0.409176110024
213,201,0.434332399701
213,151,0.448392357968
213,101,0.452086917392
213,1,0.25
213,51,0.479829971661
212,301,0.393754358933
212,251,0.409394664759
212,201,0.434516422848
212,151,0.448563705659
212,101,0.45221367349
212,1,0.25
212,51,0.479902099558
211,301,0.393990785653
211,251,0.409613219495
211,201,0.434700445994
211,151,0.44873505335
211,101,0.452340429587
211,1,0.25
211,51,0.479974227456
210,301,0.394227212373
210,251,0.40983177423
210,201,0.434884469141
210,151,0.44890640104
210,101,0.452467185684
210,1,0.25
210,51,0.480046355353
209,301,0.394463639093
209,251,0.410050328965
209,201,0.435068492287
209,151,0.449077748731
209,101,0.452593941782
209,1,0.25
209,51,0.48011848325
208,301,0.394700065812
208,251,0.410268883701
208,201,0.435252515434
208,151,0.449249096422
208,101,0.452720697879
208,1,0.25
208,51,0.480190611147
207,301,0.394936492532
207,251,0.410487438436
207,201,0.435436538581
207,151,0.449420444112
207,101,0.452847453977
207,1,0.25
207,51,0.480262739045
206,301,0.395172919252
206,251,0.410705993171
206,201,0.435620561727
206,151,0.449591791803
206,101,0.452974210074
206,1,0.25
206,51,0.480334866942
205,301,0.395409345971
205,251,0.410924547907
205,201,0.435804584874
205,151,0.449763139494
205,101,0.453100966172
205,1,0.25
205,51,0.480406994839
204,301,0.395645772691
204,251,0.411143102642
204,201,0.43598860802
204,151,0.449934487184
204,101,0.453227722269
204,1,0.25
204,51,0.480479122736
203,301,0.395882199411
203,251,0.411361657377
203,201,0.436172631167
203,151,0.450105834875
203,101,0.453354478366
203,1,0.25
203,51,0.480551250634
202,301,0.39611862613
202,251,0.411580212113
202,201,0.436356654313
202,151,0.450277182566
202,101,0.453481234464
202,1,0.25
202,51,0.480623378531
201,301,0.39635505285
201,251,0.411798766848
201,201,0.43654067746
201,151,0.450448530257
201,101,0.453607990561
201,1,0.25
201,51,0.480695506428
200,301,0.39659147957
200,251,0.412017321583
200,201,0.436724700606
200,151,0.450619877947
200,101,0.453734746659
200,1,0.25
200,51,0.480767634325
199,301,0.396827906289
199,251,0.412235876319
199,201,0.436908723753
199,151,0.450791225638
199,101,0.453861502756
199,1,0.25
199,51,0.480839762222
198,301,0.397064333009
198,251,0.412454431054
198,201,0.437092746899
198,151,0.450962573329
198,101,0.453988258853
198,1,0.25
198,51,0.48091189012
197,301,0.397300759729
197,251,0.41267298579
197,201,0.437276770046
197,151,0.451133921019
197,101,0.454115014951
197,1,0.25
197,51,0.480984018017
196,301,0.397537186448
196,251,0.412891540525
196,201,0.437460793192
196,151,0.45130526871
196,101,0.454241771048
196,1,0.25
196,51,0.481056145914
195,301,0.397773613168
195,251,0.41311009526
195,201,0.437644816339
195,151,0.451476616401
195,101,0.454368527146
195,1,0.25
195,51,0.481128273811
194,301,0.398010039888
194,251,0.413328649996
194,201,0.437828839485
194,151,0.451647964091
194,101,0.454495283243
194,1,0.25
194,51,0.481200401709
193,301,0.398246466607
193,251,0.413547204731
193,201,0.438012862632
193,151,0.451819311782
193,101,0.45462203934
193,1,0.25
193,51,0.481272529606
192,301,0.398482893327
192,251,0.413765759466
192,201,0.438196885778
192,151,0.451990659473
192,101,0.454748795438
192,1,0.25
192,51,0.481344657503
191,301,0.398719320047
191,251,0.413984314202
191,201,0.438380908925
191,151,0.452162007163
191,101,0.454875551535
191,1,0.25
191,51,0.4814167854
190,301,0.398955746767
190,251,0.414202868937
190,201,0.438564932071
190,151,0.452333354854
190,101,0.455002307633
190,1,0.25
190,51,0.481488913298
189,301,0.399192173486
189,251,0.414421423672
189,201,0.438748955218
189,151,0.452504702545
189,101,0.45512906373
189,1,0.25
189,51,0.481561041195
188,301,0.399428600206
188,251,0.414639978408
188,201,0.438932978364
188,151,0.452676050236
188,101,0.455255819827
188,1,0.25
188,51,0.481633169092
187,301,0.399665026926
187,251,0.414858533143
187,201,0.439117001511
187,151,0.452847397926
187,101,0.455382575925
187,1,0.25
187,51,0.481705296989
186,301,0.399901453645
186,251,0.415077087878
186,201,0.439301024657
186,151,0.453018745617
186,101,0.455509332022
186,1,0.25
186,51,0.481777424886
185,301,0.400137880365
185,251,0.415295642614
185,201,0.439485047804
185,151,0.453190093308
185,101,0.45563608812
185,1,0.25
185,51,0.481849552784
184,301,0.400374307085
184,251,0.415514197349
184,201,0.43966907095
184,151,0.453361440998
184,101,0.455762844217
184,1,0.25
184,51,0.481921680681
183,301,0.400610733804
183,251,0.415732752084
183,201,0.439853094097
183,151,0.453532788689
183,101,0.455889600314
183,1,0.25
183,51,0.481993808578
182,301,0.400847160524
182,251,0.41595130682
182,201,0.440037117244
182,151,0.45370413638
182,101,0.456016356412
182,1,0.25
182,51,0.482065936475
181,301,0.401083587244
181,251,0.416169861555
181,201,0.44022114039
181,151,0.45387548407
181,101,0.456143112509
181,1,0.25
181,51,0.482138064373
180,301,0.401320013963
180,251,0.41638841629
180,201,0.440405163537
180,151,0.454046831761
180,101,0.456269868607
180,1,0.25
180,51,0.48221019227
179,301,0.401556440683
179,251,0.416606971026
179,201,0.440589186683
179,151,0.454218179452
179,101,0.456396624704
179,1,0.25
179,51,0.482282320167
178,301,0.401792867403
178,251,0.416825525761
178,201,0.44077320983
178,151,0.454389527142
178,101,0.456523380802
178,1,0.25
178,51,0.482354448064
177,301,0.402029294122
177,251,0.417044080496
177,201,0.440957232976
177,151,0.454560874833
177,101,0.456650136899
177,1,0.25
177,51,0.482426575962
176,301,0.402265720842
176,251,0.417262635232
176,201,0.441141256123
176,151,0.454732222524
176,101,0.456776892996
176,1,0.25
176,51,0.482498703859
175,301,0.402502147562
175,251,0.417481189967
175,201,0.441325279269
175,151,0.454903570214
175,101,0.456903649094
175,1,0.25
175,51,0.482570831756
174,301,0.402738574281
174,251,0.417699744702
174,201,0.441509302416
174,151,0.455074917905
174,101,0.457030405191
174,1,0.25
174,51,0.482642959653
173,301,0.402975001001
173,251,0.417918299438
173,201,0.441693325562
173,151,0.455246265596
173,101,0.457157161289
173,1,0.25
173,51,0.48271508755
172,301,0.403211427721
172,251,0.418136854173
172,201,0.441877348709
172,151,0.455417613287
172,101,0.457283917386
172,1,0.25
172,51,0.482787215448
171,301,0.403447854441
171,251,0.418355408909
171,201,0.442061371855
171,151,0.455588960977
171,101,0.457410673483
171,1,0.25
171,51,0.482859343345
170,301,0.40368428116
170,251,0.418573963644
170,201,0.442245395002
170,151,0.455760308668
170,101,0.457537429581
170,1,0.25
170,51,0.482931471242
169,301,0.40392070788
169,251,0.418792518379
169,201,0.442429418148
169,151,0.455931656359
169,101,0.457664185678
169,1,0.25
169,51,0.483003599139
168,301,0.4041571346
168,251,0.419011073115
168,201,0.442613441295
168,151,0.456103004049
168,101,0.457790941776
168,1,0.25
168,51,0.483075727037
167,301,0.404393561319
167,251,0.41922962785
167,201,0.442797464441
167,151,0.45627435174
167,101,0.457917697873
167,1,0.25
167,51,0.483147854934
166,301,0.404629988039
166,251,0.419448182585
166,201,0.442981487588
166,151,0.456445699431
166,101,0.45804445397
166,1,0.25
166,51,0.483219982831
165,301,0.404866414759
165,251,0.419666737321
165,201,0.443165510734
165,151,0.456617047121
165,101,0.458171210068
165,1,0.25
165,51,0.483292110728
164,301,0.405102841478
164,251,0.419885292056
164,201,0.443349533881
164,151,0.456788394812
164,101,0.458297966165
164,1,0.25
164,51,0.483364238626
163,301,0.405339268198
163,251,0.420103846791
163,201,0.443533557027
163,151,0.456959742503
163,101,0.458424722263
163,1,0.25
163,51,0.483436366523
162,301,0.405575694918
162,251,0.420322401527
162,201,0.443717580174
162,151,0.457131090193
162,101,0.45855147836
162,1,0.25
162,51,0.48350849442
161,301,0.405812121637
161,251,0.420540956262
161,201,0.44390160332
161,151,0.457302437884
161,101,0.458678234457
161,1,0.25
161,51,0.483580622317
160,301,0.406048548357
160,251,0.420759510997
160,201,0.444085626467
160,151,0.457473785575
160,101,0.458804990555
160,1,0.25
160,51,0.483652750214
159,301,0.406284975077
159,251,0.420978065733
159,201,0.444269649614
159,151,0.457645133266
159,101,0.458931746652
159,1,0.25
159,51,0.483724878112
158,301,0.406521401796
158,251,0.421196620468
158,201,0.44445367276
158,151,0.457816480956
158,101,0.45905850275
158,1,0.25
158,51,0.483797006009
157,301,0.406757828516
157,251,0.421415175203
157,201,0.444637695907
157,151,0.457987828647
157,101,0.459185258847
157,1,0.25
157,51,0.483869133906
156,301,0.406994255236
156,251,0.421633729939
156,201,0.444821719053
156,151,0.458159176338
156,101,0.459312014944
156,1,0.25
156,51,0.483941261803
155,301,0.407230681955
155,251,0.421852284674
155,201,0.4450057422
155,151,0.458330524028
155,101,0.459438771042
155,1,0.25
155,51,0.484013389701
154,301,0.407467108675
154,251,0.422070839409
154,201,0.445189765346
154,151,0.458501871719
154,101,0.459565527139
154,1,0.25
154,51,0.484085517598
153,301,0.407703535395
153,251,0.422289394145
153,201,0.445373788493
153,151,0.45867321941
153,101,0.459692283237
153,1,0.25
153,51,0.484157645495
152,301,0.407939962115
152,251,0.42250794888
152,201,0.445557811639
152,151,0.4588445671
152,101,0.459819039334
152,1,0.25
152,51,0.484229773392
151,301,0.408176388834
151,251,0.422726503615
151,201,0.445741834786
151,151,0.459015914791
151,101,0.459945795432
151,1,0.25
151,51,0.48430190129
150,301,0.408412815554
150,251,0.422945058351
150,201,0.445925857932
150,151,0.459187262482
150,101,0.460072551529
150,1,0.25
150,51,0.484374029187
149,301,0.408649242274
149,251,0.423163613086
149,201,0.446109881079
149,151,0.459358610172
149,101,0.460199307626
149,1,0.25
149,51,0.484446157084
148,301,0.408885668993
148,251,0.423382167821
148,201,0.446293904225
148,151,0.459529957863
148,101,0.460326063724
148,1,0.25
148,51,0.484518284981
147,301,0.409122095713
147,251,0.423600722557
147,201,0.446477927372
147,151,0.459701305554
147,101,0.460452819821
147,1,0.25
147,51,0.484590412878
146,301,0.409358522433
146,251,0.423819277292
146,201,0.446661950518
146,151,0.459872653244
146,101,0.460579575919
146,1,0.25
146,51,0.484662540776
145,301,0.413468450474
145,251,0.427752722145
145,201,0.450326577778
145,151,0.46330772404
145,101,0.46190477443
145,1,0.25
145,51,0.484765939889
144,301,0.413688176485
144,251,0.427955023727
144,201,0.450495041222
144,151,0.463464188593
144,101,0.462024867063
144,1,0.25
144,51,0.484837858494
143,301,0.427386556709
143,251,0.438851600002
143,201,0.456263613574
143,151,0.468192821034
143,101,0.463358076058
143,1,0.25
143,51,0.484909777099
142,301,0.427571348558
142,251,0.439011890809
142,201,0.456400708771
142,151,0.46832239422
142,101,0.463470021333
142,1,0.25
142,51,0.484981695704
141,301,0.427756140406
141,251,0.439172181616
141,201,0.456537803967
141,151,0.468451967405
141,101,0.463581966609
141,1,0.25
141,51,0.485053614309
140,301,0.427940932255
140,251,0.439332472423
140,201,0.456674899164
140,151,0.46858154059
140,101,0.463693911885
140,1,0.25
140,51,0.485125532914
139,301,0.428125724104
139,251,0.43949276323
139,201,0.456811994361
139,151,0.468711113775
139,101,0.46380585716
139,1,0.25
139,51,0.485197451519
138,301,0.428310515953
138,251,0.439653054037
138,201,0.456949089557
138,151,0.46884068696
138,101,0.463917802436
138,1,0.25
138,51,0.485269370124
137,301,0.443513422779
137,251,0.455200005373
137,201,0.472645824367
137,151,0.483657115985
137,101,0.479101799471
137,1,0.25
137,51,0.495193268737
136,301,0.443719818821
136,251,0.455374167308
136,201,0.47277557398
136,151,0.483760420805
136,101,0.47919304886
136,1,0.25
136,51,0.495221475967
135,301,0.443926214863
135,251,0.455548329243
135,201,0.472905323594
135,151,0.483863725625
135,101,0.479284298249
135,1,0.25
135,51,0.495249683196
134,301,0.444132610906
134,251,0.455722491178
134,201,0.473035073208
134,151,0.483967030445
134,101,0.479375547638
134,1,0.25
134,51,0.495277890426
133,301,0.444339006948
133,251,0.455896653113
133,201,0.473164822822
133,151,0.484070335266
133,101,0.479466797027
133,1,0.25
133,51,0.495306097655
132,301,0.44454540299
132,251,0.456070815048
132,201,0.473294572435
132,151,0.484173640086
132,101,0.479558046416
132,1,0.25
132,51,0.495334304885
131,301,0.444751799032
131,251,0.456244976983
131,201,0.473424322049
131,151,0.484276944906
131,101,0.479649295805
131,1,0.25
131,51,0.495362512115
130,301,0.444958195074
130,251,0.456419138918
130,201,0.473554071663
130,151,0.484380249726
130,101,0.479740545194
130,1,0.25
130,51,0.495390719344
129,301,0.445164591117
129,251,0.456593300853
129,201,0.473683821277
129,151,0.484483554546
129,101,0.479831794583
129,1,0.25
129,51,0.495418926574
128,301,0.445370987159
128,251,0.456767462788
128,201,0.47381357089
128,151,0.484586859367
128,101,0.479923043972
128,1,0.25
128,51,0.495447133803
127,301,0.445577383201
127,251,0.456941624723
127,201,0.473943320504
127,151,0.484690164187
127,101,0.480014293361
127,1,0.25
127,51,0.495475341033
126,301,0.445783779243
126,251,0.457115786658
126,201,0.474073070118
126,151,0.484793469007
126,101,0.48010554275
126,1,0.25
126,51,0.495503548262
125,301,0.446731129087
125,251,0.458030902395
125,201,0.475125284354
125,151,0.486118481855
125,101,0.480196792139
125,1,0.25
125,51,0.495531755492
124,301,0.446943265688
124,251,0.458210804888
124,201,0.475262137415
124,151,0.486231098964
124,101,0.480288041528
124,1,0.25
124,51,0.495559962722
123,301,0.447155402289
123,251,0.458390707381
123,201,0.475398990476
123,151,0.486343716072
123,101,0.480379290917
123,1,0.25
123,51,0.495588169951
122,301,0.44736753889
122,251,0.458570609875
122,201,0.475535843537
122,151,0.486456333181
122,101,0.480470540306
122,1,0.25
122,51,0.495616377181
121,301,0.44757967549
121,251,0.458750512368
121,201,0.475672696599
121,151,0.48656895029
121,101,0.480561789695
121,1,0.25
121,51,0.49564458441
120,301,0.447791812091
120,251,0.458930414862
120,201,0.47580954966
120,151,0.486681567398
120,101,0.480653039084
120,1,0.25
120,51,0.49567279164
119,301,0.448003948692
119,251,0.459110317355
119,201,0.475946402721
119,151,0.486794184507
119,101,0.480744288473
119,1,0.25
119,51,0.495700998869
118,301,0.448216085292
118,251,0.459290219849
118,201,0.476083255782
118,151,0.486906801616
118,101,0.480835537862
118,1,0.25
118,51,0.495729206099
117,301,0.448428221893
117,251,0.459470122342
117,201,0.476220108844
117,151,0.487019418724
117,101,0.480926787251
117,1,0.25
117,51,0.495757413329
116,301,0.448640358494
116,251,0.459650024835
116,201,0.476356961905
116,151,0.487132035833
116,101,0.48101803664
116,1,0.25
116,51,0.495785620558
115,301,0.448852495095
115,251,0.459829927329
115,201,0.476493814966
115,151,0.487244652942
115,101,0.481109286029
115,1,0.25
115,51,0.495813827788
114,301,0.449064631695
114,251,0.460009829822
114,201,0.476630668028
114,151,0.487357270051
114,101,0.481200535418
114,1,0.25
114,51,0.495842035017
113,301,0.449276768296
113,251,0.460189732316
113,201,0.476767521089
113,151,0.487469887159
113,101,0.481291784807
113,1,0.25
113,51,0.495870242247
112,301,0.449488904897
112,251,0.460369634809
112,201,0.47690437415
112,151,0.487582504268
112,101,0.481383034196
112,1,0.25
112,51,0.495898449476
111,301,0.449701041498
111,251,0.460549537303
111,201,0.477041227211
111,151,0.487695121377
111,101,0.481474283585
111,1,0.25
111,51,0.495926656706
110,301,0.449913178098
110,251,0.460729439796
110,201,0.477178080273
110,151,0.487807738485
110,101,0.481565532974
110,1,0.25
110,51,0.495954863936
109,301,0.451212574612
109,251,0.461926403751
109,201,0.478231822492
109,151,0.488748278877
109,101,0.481830632275
109,1,0.25
109,51,0.495983762505
108,301,0.45141805533
108,251,0.462100003629
108,201,0.478362890456
108,151,0.488855584381
108,101,0.481920560951
108,1,0.25
108,51,0.496011963558
107,301,0.451623536049
107,251,0.462273603506
107,201,0.47849395842
107,151,0.488962889885
107,101,0.482010489628
107,1,0.25
107,51,0.496040164611
106,301,0.451829016767
106,251,0.462447203383
106,201,0.478625026384
106,151,0.48907019539
106,101,0.482100418305
106,1,0.25
106,51,0.496068365665
105,301,0.452034497485
105,251,0.462620803261
105,201,0.478756094347
105,151,0.489177500894
105,101,0.482190346982
105,1,0.25
105,51,0.496096566718
104,301,0.452239978204
104,251,0.462794403138
104,201,0.478887162311
104,151,0.489284806398
104,101,0.482280275659
104,1,0.25
104,51,0.496124767771
103,301,0.452445458922
103,251,0.462968003015
103,201,0.479018230275
103,151,0.489392111903
103,101,0.482370204336
103,1,0.25
103,51,0.496152968824
102,301,0.45265093964
102,251,0.463141602893
102,201,0.479149298239
102,151,0.489499417407
102,101,0.482460133013
102,1,0.25
102,51,0.496181169877
101,301,0.452856420359
101,251,0.46331520277
101,201,0.479280366203
101,151,0.489606722911
101,101,0.48255006169
101,1,0.25
101,51,0.496209370931
100,301,0.453061901077
100,251,0.463488802647
100,201,0.479411434166
100,151,0.489714028416
100,101,0.482639990366
100,1,0.25
100,51,0.496237571984
99,301,0.453267381795
99,251,0.463662402525
99,201,0.47954250213
99,151,0.48982133392
99,101,0.482729919043
99,1,0.25
99,51,0.496265773037
98,301,0.453472862514
98,251,0.463836002402
98,201,0.479673570094
98,151,0.489928639425
98,101,0.48281984772
98,1,0.25
98,51,0.49629397409
97,301,0.453678343232
97,251,0.464009602279
97,201,0.479804638058
97,151,0.490035944929
97,101,0.482909776397
97,1,0.25
97,51,0.496322175143
96,301,0.45388382395
96,251,0.464183202156
96,201,0.479935706022
96,151,0.490143250433
96,101,0.482999705074
96,1,0.25
96,51,0.496350376197
95,301,0.459734243911
95,251,0.467473957349
95,201,0.480807530286
95,151,0.490733532041
95,101,0.483121554561
95,1,0.25
95,51,0.49637857725
94,301,0.459908404188
94,251,0.467625555313
94,201,0.480931968083
94,151,0.490836361493
94,101,0.483211157244
94,1,0.25
94,51,0.496406778303
93,301,0.460082564464
93,251,0.467777153278
93,201,0.481056405881
93,151,0.490939190946
93,101,0.483300759927
93,1,0.25
93,51,0.496434979356
92,301,0.460256724741
92,251,0.467928751242
92,201,0.481180843678
92,151,0.491042020398
92,101,0.483390362609
92,1,0.25
92,51,0.496463180409
91,301,0.472411674691
91,251,0.479598400108
91,201,0.490996907991
91,151,0.498525207227
91,101,0.491626131578
91,1,0.25
91,51,0.499060427007
90,301,0.472572425065
90,251,0.479730140663
90,201,0.49108963581
90,151,0.498592929129
90,101,0.491680802537
90,1,0.25
90,51,0.499068721552
89,301,0.472733175439
89,251,0.479861881219
89,201,0.491182363629
89,151,0.498660651032
89,101,0.491735473497
89,1,0.25
89,51,0.499077016096
88,301,0.472893925814
88,251,0.479993621775
88,201,0.491275091447
88,151,0.498728372934
88,101,0.491790144457
88,1,0.25
88,51,0.499085310641
87,301,0.473343179168
87,251,0.480388581986
87,201,0.491596128209
87,151,0.498994606602
87,101,0.491868637414
87,1,0.25
87,51,0.499093619612
86,301,0.473501649528
86,251,0.480518219071
86,201,0.491687001315
86,151,0.499060691092
86,101,0.491923078781
86,1,0.25
86,51,0.499101913995
85,301,0.473660119887
85,251,0.480647856157
85,201,0.49177787442
85,151,0.499126775582
85,101,0.491977520149
85,1,0.25
85,51,0.499110208378
84,301,0.473818590247
84,251,0.480777493243
84,201,0.491868747526
84,151,0.499192860071
84,101,0.492031961517
84,1,0.25
84,51,0.49911850276
83,301,0.474953144679
83,251,0.4818832144
83,201,0.493171144188
83,151,0.500855399578
83,101,0.492086402885
83,1,0.25
83,51,0.499126797143
82,301,0.475117217533
82,251,0.48201845398
82,201,0.493268907068
82,151,0.500930422504
82,101,0.492140844253
82,1,0.25
82,51,0.499135091526
81,301,0.475281290386
81,251,0.482153693559
81,201,0.493366669947
81,151,0.50100544543
81,101,0.492195285621
81,1,0.25
81,51,0.499143385908
80,301,0.47544536324
80,251,0.482288933139
80,201,0.493464432826
80,151,0.501080468356
80,101,0.492249726989
80,1,0.25
80,51,0.499151680291
79,301,0.475609436093
79,251,0.482424172718
79,201,0.493562195705
79,151,0.501155491282
79,101,0.492304168357
79,1,0.25
79,51,0.499159974674
78,301,0.475773508947
78,251,0.482559412298
78,201,0.493659958584
78,151,0.501230514207
78,101,0.492358609725
78,1,0.25
78,51,0.499168269057
77,301,0.475937581801
77,251,0.482694651877
77,201,0.493757721463
77,151,0.501305537133
77,101,0.492413051093
77,1,0.25
77,51,0.499176563439
76,301,0.476101654654
76,251,0.482829891457
76,201,0.493855484343
76,151,0.501380560059
76,101,0.492467492461
76,1,0.25
76,51,0.499184857822
75,301,0.476265727508
75,251,0.482965131037
75,201,0.493953247222
75,151,0.501455582985
75,101,0.492521933829
75,1,0.25
75,51,0.499193152205
74,301,0.476429800362
74,251,0.483100370616
74,201,0.494051010101
74,151,0.50153060591
74,101,0.492576375196
74,1,0.25
74,51,0.499201446587
73,301,0.476593873215
73,251,0.483235610196
73,201,0.49414877298
73,151,0.501605628836
73,101,0.492630816564
73,1,0.25
73,51,0.49920974097
72,301,0.476832461672
72,251,0.483437156102
72,201,0.494301867417
72,151,0.501726975745
72,101,0.492688433183
72,1,0.25
72,51,0.499218035646
71,301,0.478989808114
71,251,0.484338163143
71,201,0.494481742671
71,151,0.501844573167
71,101,0.492743545998
71,1,0.25
71,51,0.499226330024
70,301,0.479136905235
70,251,0.484465127447
70,201,0.494577945616
70,151,0.501918586418
70,101,0.492797940427
70,1,0.25
70,51,0.499234624403
69,301,0.479284002355
69,251,0.48459209175
69,201,0.494674148561
69,151,0.501992599669
69,101,0.492852334857
69,1,0.25
69,51,0.499242918782
68,301,0.487489569694
68,251,0.491988982523
68,201,0.499860839065
68,151,0.505194409693
68,101,0.496619788902
68,1,0.25
68,51,0.499816315141
67,301,0.487612874376
67,251,0.492089259648
67,201,0.499928989459
67,151,0.505245660984
67,101,0.496649233351
67,1,0.25
67,51,0.499818483606
66,301,0.487736179058
66,251,0.492189536772
66,201,0.499997139853
66,151,0.505296912275
66,101,0.496678677801
66,1,0.25
66,51,0.499820652071
65,301,0.48785948374
65,251,0.492289813897
65,201,0.500065290247
65,151,0.505348163566
65,101,0.49670812225
65,1,0.25
65,51,0.499822820536
64,301,0.487982788422
64,251,0.492390091021
64,201,0.500133440642
64,151,0.505399414857
64,101,0.496737566699
64,1,0.25
64,51,0.499824989001
63,301,0.488106093105
63,251,0.492490368146
63,201,0.500201591036
63,151,0.505450666149
63,101,0.496767011149
63,1,0.25
63,51,0.499827157466
62,301,0.489333474428
62,251,0.493692191687
62,201,0.501625634499
62,151,0.507272872322
62,101,0.496796877601
62,1,0.25
62,51,0.499829325937
61,301,0.489462027283
61,251,0.493797743946
61,201,0.501700309485
61,151,0.5073325716
61,101,0.496826316272
61,1,0.25
61,51,0.499831494402
60,301,0.489590580138
60,251,0.493903296204
60,201,0.501774984471
60,151,0.507392270878
60,101,0.496855754943
60,1,0.25
60,51,0.499833662867
59,301,0.489719132993
59,251,0.494008848463
59,201,0.501849659457
59,151,0.507451970157
59,101,0.496885193614
59,1,0.25
59,51,0.499835831332
58,301,0.489847685848
58,251,0.494114400722
58,201,0.501924334443
58,151,0.507511669435
58,101,0.496914632285
58,1,0.25
58,51,0.499837999797
57,301,0.490646854485
57,251,0.494399523167
57,201,0.502007809508
57,151,0.507575028748
57,101,0.496944085976
57,1,0.25
57,51,0.499840168262
56,301,0.490768279903
56,251,0.494502790164
56,201,0.502082349368
56,151,0.507634670213
56,101,0.49697352439
56,1,0.25
56,51,0.499842336727
55,301,0.490889705321
55,251,0.49460605716
55,201,0.502156889228
55,151,0.507694311679
55,101,0.497002962804
55,1,0.25
55,51,0.499844505192
54,301,0.49614951323
54,251,0.499058620664
54,201,0.504765494103
54,151,0.509010660081
54,101,0.498634025149
54,1,0.25
54,51,0.499964195957
53,301,0.496247197173
53,251,0.499138115973
53,201,0.504820687998
53,151,0.509058085817
53,101,0.498648962593
53,1,0.25
53,51,0.499964727443
52,301,0.496344881115
52,251,0.499217611282
52,201,0.504875881894
52,151,0.509105511553
52,101,0.498663900037
52,1,0.25
52,51,0.49996525893
51,301,0.496442565058
51,251,0.49929710659
51,201,0.504931075789
51,151,0.50915293729
51,101,0.498678837482
51,1,0.25
51,51,0.499965790416
50,301,0.497680409246
50,251,0.500516762145
50,201,0.506392970787
50,151,0.511035518229
50,101,0.498693774926
50,1,0.25
50,51,0.499966321903
49,301,0.497783426954
49,251,0.500601591219
49,201,0.506454641399
49,151,0.511091167938
49,101,0.498708712371
49,1,0.25
49,51,0.499966853389
48,301,0.497887673988
48,251,0.500687435282
48,201,0.506517066442
48,151,0.511147381616
48,101,0.498723657036
48,1,0.25
48,51,0.499967384876
47,301,0.498209049011
47,251,0.500812917323
47,201,0.506579629154
47,151,0.511203322671
47,101,0.498738594659
47,1,0.25
47,51,0.499967916362
46,301,0.498309172007
46,251,0.500897095694
46,201,0.506641271317
46,151,0.511258957864
46,101,0.498753531969
46,1,0.25
46,51,0.499968447849
45,301,0.501608538578
45,251,0.5035228527
45,201,0.507935406477
45,151,0.511807638729
45,101,0.499445498146
45,1,0.25
45,51,0.499992979599
44,301,0.501688841524
44,251,0.503588806599
44,201,0.507985129396
44,151,0.511857320413
44,101,0.49945277455
44,1,0.25
44,51,0.499993104655
43,301,0.501769453561
43,251,0.5036550094
43,201,0.508035030313
43,151,0.511907130221
43,101,0.499460051891
43,1,0.25
43,51,0.499993229711
42,301,0.501849751332
42,251,0.503720959092
42,201,0.508084750181
42,151,0.51195680968
42,101,0.499467328276
42,1,0.25
42,51,0.499993354766
41,301,0.503106758736
41,251,0.504963618417
41,201,0.509581815121
41,151,0.513885019628
41,101,0.499474604661
41,1,0.25
41,51,0.499993479822
40,301,0.503262616545
40,251,0.505043887965
40,201,0.509637904036
40,151,0.513942606233
40,101,0.499481881052
40,1,0.25
40,51,0.499993604878
39,301,0.505322633987
39,251,0.506588629132
39,201,0.510289631801
39,151,0.514192778118
39,101,0.499773428742
39,1,0.25
39,51,0.499998611191
38,301,0.505391785096
38,251,0.506646620923
38,201,0.510338699356
38,151,0.514247580386
38,101,0.499776874818
38,1,0.25
38,51,0.499998639798
37,301,0.505460936205
37,251,0.506704612715
37,201,0.510387766911
37,151,0.514302382655
37,101,0.499780320893
37,1,0.25
37,51,0.499998668406
36,301,0.505530106924
36,251,0.506762619529
36,201,0.510436844412
36,151,0.514357191563
36,101,0.499783766985
36,1,0.25
36,51,0.499998697013
35,301,0.506817662692
35,251,0.508018457198
35,201,0.511952312628
35,151,0.516305660946
35,101,0.49978721306
35,1,0.25
35,51,0.499998725621
34,301,0.508097097759
34,251,0.508925433203
34,201,0.512291351836
34,151,0.516442068848
34,101,0.499908225378
34,1,0.25
34,51,0.499999728486
33,301,0.508159770245
33,251,0.508979615059
33,201,0.51234263155
33,151,0.516503189807
33,101,0.499909824125
33,1,0.25
33,51,0.499999734896
32,301,0.508222437728
32,251,0.509033793176
32,201,0.512393908881
32,151,0.516564309235
32,101,0.49991142287
32,1,0.25
32,51,0.499999741307
31,301,0.509495911103
31,251,0.510292022779
31,201,0.513916753552
31,151,0.518516374529
31,101,0.499913021615
31,1,0.25
31,51,0.499999747718
30,301,0.510294635249
30,251,0.510831424581
30,201,0.514108317793
30,151,0.518613001677
30,101,0.499962907205
30,1,0.25
30,51,0.499999947076
29,301,0.510354219412
29,251,0.510884703252
29,201,0.514163380175
29,151,0.518680813318
29,101,0.499963637325
29,1,0.25
29,51,0.49999994849
28,301,0.510416104512
28,251,0.510938082386
28,201,0.514218442519
28,151,0.518748624892
28,1,0.25
28,101,0.499964367445
28,51,0.499999949904
27,301,0.512129253841
27,251,0.512475016317
27,201,0.515812608109
27,151,0.52071348976
27,1,0.25
27,101,0.499984942529
27,51,0.499999989623
26,301,0.512188907658
26,251,0.512529372308
26,201,0.515872252064
26,151,0.520787990343
26,1,0.25
26,101,0.499985271846
26,51,0.499999989931
25,301,0.513454978176
25,251,0.51379088194
25,201,0.517399008596
25,151,0.522728929801
25,1,0.25
25,101,0.499985601163
25,51,0.499999990239
24,301,0.5137844294
24,251,0.514003588858
24,201,0.517493909945
24,151,0.522814115807
24,1,0.25
24,101,0.499993967771
24,51,0.499999998001
23,301,0.513844564208
23,251,0.514060239291
23,201,0.51755848691
23,151,0.522895137212
23,1,0.25
23,101,0.499994114823
23,51,0.499999998068
22,301,0.515273033102
22,251,0.515411991463
22,201,0.519100720445
22,151,0.52483006274
22,1,0.25
22,101,0.499997551273
22,51,0.499999999608
21,301,0.515432846718
21,251,0.515521588391
21,201,0.519177046603
21,151,0.524917969437
21,1,0.25
21,101,0.499998986136
21,51,0.499999999921
20,301,0.516697190658
20,251,0.51678433726
20,201,0.520700708613
20,151,0.526836367289
20,1,0.25
20,101,0.499999014774
20,51,0.499999999924
19,301,0.518015529954
19,251,0.518070639733
19,201,0.522217808214
19,1,0.25
19,151,0.528733510896
19,101,0.499999594691
19,51,0.499999999985
18,301,0.518118941138
18,251,0.518153534633
18,201,0.522298835383
18,1,0.25
18,151,0.528832690628
18,101,0.499999834017
18,51,0.499999999997
17,301,0.519398128458
17,251,0.519419692959
17,201,0.523808317026
17,1,0.25
17,151,0.530713449721
17,101,0.499999932326
17,51,0.499999999999
16,301,0.520663534814
16,251,0.520676892473
16,1,0.25
16,201,0.525307113985
16,101,0.499999972528
16,151,0.532572060432
16,51,0.5
15,301,0.521918503947
15,251,0.521926728885
15,1,0.25
15,201,0.526795225788
15,101,0.499999988897
15,151,0.534408381937
15,51,0.5
14,301,0.523165005008
14,251,0.523170041059
14,1,0.25
14,201,0.528272555103
14,101,0.499999995532
14,151,0.536222285852
14,51,0.5
13,301,0.525546545729
13,251,0.525548460736
13,1,0.25
13,201,0.531088172185
13,101,0.499999999252
13,151,0.539654017541
13,51,0.5
12,301,0.526769026107
12,251,0.526770182568
12,1,0.25
12,201,0.532528365026
12,101,0.499999999702
12,151,0.541395996449
12,51,0.5
11,301,0.529094956153
11,1,0.25
11,251,0.52909538668
11,201,0.535257439224
11,101,0.499999999951
11,151,0.544672284233
11,51,0.5
10,301,0.532458001382
10,1,0.25
10,251,0.532458099002
10,201,0.539175257457
10,101,0.499999999997
10,151,0.54931761002
10,51,0.5
9,301,0.534687146631
9,1,0.25
9,251,0.534687168361
9,201,0.541752739088
9,101,0.5
9,151,0.552335271214
9,51,0.5
8,1,0.25
8,301,0.538907618049
8,251,0.538907620956
8,201,0.546589242404
8,101,0.5
8,151,0.557913569616
8,51,0.5
7,1,0.25
7,301,0.542962108174
7,251,0.542962108405
7,201,0.55117989027
7,101,0.5
7,51,0.5
7,151,0.563102858692
6,1,0.25
6,301,0.548668651985
6,251,0.548668651996
6,201,0.557544818271
6,101,0.5
6,51,0.5
6,151,0.570120064619
5,1,0.25
5,301,0.556484741688
5,251,0.556484741688
5,101,0.5
5,51,0.5
5,201,0.56606940452
5,151,0.579173779466
4,1,0.25
4,301,0.565696346872
4,101,0.5
4,51,0.5
4,251,0.565696346872
4,201,0.57580524885
4,151,0.58898673513
3,1,0.25
3,101,0.5
3,51,0.5
3,301,0.578927765505
3,251,0.578927765505
3,201,0.589124630212
3,151,0.601369277072
2,1,0.25
2,101,0.5
2,51,0.5
2,301,0.597194273268
2,251,0.597194273268
2,201,0.605922309774
2,151,0.614826470508
1,1,0.25
1,101,0.5
1,51,0.5
1,301,0.618888077923
1,251,0.618888077923
1,201,0.62213145045
1,151,0.624188316334
