300,0.313568220289
299,0.314409642085
298,0.315256245208
297,0.316108081996
296,0.316965205493
295,0.317827669461
294,0.318695528394
293,0.319568837533
292,0.320447652871
291,0.321332031174
290,0.32222202999
289,0.323117707663
288,0.324019123348
287,0.324926337024
286,0.325839409509
285,0.326558333933
284,0.327281157041
283,0.328007920161
282,0.328738665208
281,0.329473434694
280,0.330212271738
279,0.330955220077
278,0.331702324078
277,0.332453628748
276,0.333209179746
275,0.333969023395
274,0.334733206697
273,0.335432854551
272,0.336135635677
271,0.33684158476
270,0.337550737
269,0.33826312812
268,0.338978794377
267,0.339697772569
266,0.340420100048
265,0.341145814733
264,0.341874955112
263,0.342607560264
262,0.34334366986
261,0.344083324182
260,0.344826564131
259,0.345573431238
258,0.346323967681
257,0.347078216291
256,0.347836220571
255,0.348598024705
254,0.348871547589
253,0.349145070473
252,0.349418593357
251,0.349692116241
250,0.349965639125
249,0.350239162009
248,0.350512684893
247,0.350786207777
246,0.351059730661
245,0.351333253545
244,0.351606776429
243,0.351880299313
242,0.352153822197
241,0.352427345081
240,0.352700867965
239,0.352974390849
238,0.353247913733
237,0.353521436617
236,0.353794959501
235,0.354068482385
234,0.354342005269
233,0.354615528153
232,0.354889051037
231,0.355162573921
230,0.355436096805
229,0.355709619689
228,0.355983142573
227,0.356256665457
226,0.356530188341
225,0.356803711225
224,0.357077234109
223,0.357350756993
222,0.357624279877
221,0.357897802761
220,0.358171325645
219,0.358444848529
218,0.373877180658
217,0.374138792107
216,0.374400403556
215,0.374662015006
214,0.374923626455
213,0.375185237905
212,0.375446849354
211,0.375708460804
210,0.375970072253
209,0.376231683703
208,0.376493295152
207,0.376754906602
206,0.377016518051
205,0.3772781295
204,0.37753974095
203,0.377801352399
202,0.378062963849
201,0.378324575298
200,0.378586186748
199,0.378847798197
198,0.379109409647
197,0.379371021096
196,0.379632632546
195,0.379894243995
194,0.380155855445
193,0.380417466894
192,0.380679078343
191,0.380940689793
190,0.381202301242
189,0.381463912692
188,0.381725524141
187,0.381987135591
186,0.38224874704
185,0.38251035849
184,0.382771969939
183,0.383033581389
182,0.383295192838
181,0.383556804287
180,0.383818415737
179,0.384080027186
178,0.384341638636
177,0.384603250085
176,0.384864861535
175,0.385126472984
174,0.385388084434
173,0.385649695883
172,0.385911307333
171,0.386172918782
170,0.386434530232
169,0.386696141681
168,0.38695775313
167,0.38721936458
166,0.387480976029
165,0.387742587479
164,0.388004198928
163,0.388265810378
162,0.388527421827
161,0.388789033277
160,0.389050644726
159,0.389312256176
158,0.389573867625
157,0.389835479074
156,0.390097090524
155,0.390358701973
154,0.390620313423
153,0.390881924872
152,0.391143536322
151,0.391405147771
150,0.391666759221
149,0.39192837067
148,0.39218998212
147,0.392451593569
146,0.392713205018
145,0.401335045154
144,0.401574883119
143,0.415529480974
142,0.415735784879
141,0.415942088784
140,0.416148392689
139,0.416354696593
138,0.416561000498
137,0.431592281759
136,0.431823071481
135,0.432053861203
134,0.432284650925
133,0.432515440647
132,0.432746230368
131,0.43297702009
130,0.433207809812
129,0.433438599534
128,0.433669389256
127,0.433900178977
126,0.434130968699
125,0.434361758421
124,0.434592548143
123,0.434823337864
122,0.435054127586
121,0.435284917308
120,0.43551570703
119,0.435746496752
118,0.435977286473
117,0.436208076195
116,0.436438865917
115,0.436669655639
114,0.436900445361
113,0.437131235082
112,0.437362024804
111,0.437592814526
110,0.437823604248
109,0.441952700744
108,0.442167497272
107,0.442382293801
106,0.44259709033
105,0.442811886858
104,0.443026683387
103,0.443241479916
102,0.443456276444
101,0.443671072973
100,0.443885869501
99,0.44410066603
98,0.444315462559
97,0.444530259087
96,0.444745055616
95,0.450895461682
94,0.451078308225
93,0.451261154767
92,0.45144400131
91,0.46374298586
90,0.463915177872
89,0.464087369884
88,0.464259561897
87,0.466151987648
86,0.466314666566
85,0.466477345484
84,0.466640024402
83,0.466802703321
82,0.466965382239
81,0.467128061157
80,0.467290740075
79,0.467453418993
78,0.467616097912
77,0.46777877683
76,0.467941455748
75,0.468104134666
74,0.468266813584
73,0.468429492503
72,0.469331719582
71,0.471655915977
70,0.471796225322
69,0.471936534668
68,0.480425640541
67,0.480543679303
66,0.480661718064
65,0.480779756826
64,0.480897795587
63,0.481015834348
62,0.481449636004
61,0.481565051588
60,0.481680467171
59,0.481795882754
58,0.481911298337
57,0.482779647587
56,0.482887234163
55,0.48299482074
54,0.488684458971
53,0.48876744933
52,0.488850439689
51,0.488933430049
50,0.489016420408
49,0.489099410767
48,0.489238432507
47,0.489574190113
46,0.489653291005
45,0.493210949235
44,0.493269844778
43,0.493352177958
42,0.493410781469
41,0.493469384981
40,0.49361235387
39,0.495879434889
38,0.495920588118
37,0.495961741347
36,0.496006999604
35,0.496076091072
34,0.497492101272
33,0.497522354692
32,0.497550874296
31,0.497589336672
30,0.498472351688
29,0.498492220908
28,0.498514830975
27,0.499064982033
26,0.499079289282
25,0.49909260877
24,0.499432086297
23,0.499441372679
22,0.499652048955
21,0.499783889512
20,0.499787899145
19,0.499868834625
18,0.499919116006
17,0.499950267739
16,0.499969507785
15,0.499981357298
14,0.49998863438
13,0.499995684514
12,0.49999738768
11,0.499999017927
10,0.499999771684
9,0.499999947373
8,0.499999992541
7,0.499999999353
6,0.499999999966
5,0.5
4,0.5
1,0.5
2,0.5
3,0.5
