300,0.317777777778
299,0.31884057971
298,0.319910514541
297,0.320987654321
296,0.322072072072
295,0.323163841808
294,0.324263038549
293,0.325369738339
292,0.326484018265
291,0.327605956472
290,0.328735632184
289,0.329873125721
288,0.331018518519
287,0.332171893148
286,0.333333333333
285,0.334302835342
284,0.335277175607
283,0.336256405416
282,0.337240576785
281,0.338229742472
280,0.339223955988
279,0.340223271609
278,0.341227744395
277,0.342237430199
276,0.343252385685
275,0.344272668339
274,0.34529833649
273,0.346329449317
272,0.347366066873
271,0.348408250096
270,0.349456060826
269,0.350509561823
268,0.351568816785
267,0.352633890363
266,0.35370484818
265,0.354781756851
264,0.355864683998
263,0.356953698274
262,0.358048869378
261,0.359150268079
260,0.360257966234
259,0.361372036808
258,0.362492553901
257,0.363619592763
256,0.364753229822
255,0.365893542702
254,0.367040610253
253,0.368194512569
252,0.369355331016
251,0.370523148258
250,0.37169804828
249,0.372880116417
248,0.374069439379
247,0.375266105283
246,0.376470203675
245,0.377681825567
244,0.37890106346
243,0.380128011379
242,0.381362764902
241,0.382605421196
240,0.383856079044
239,0.385114838885
238,0.386381802844
237,0.387657074771
236,0.388940760276
235,0.390232966767
234,0.391533803485
233,0.392843381552
232,0.394161814
231,0.395489215823
230,0.396825704011
229,0.398171397601
228,0.399526417715
227,0.400890887613
226,0.402264932733
225,0.403648680746
224,0.4050422616
223,0.406445807576
222,0.407859453338
221,0.409283335988
220,0.410717595118
219,0.412162372873
218,0.413617814003
217,0.415084065931
216,0.416561278804
215,0.418049605567
214,0.419549202021
213,0.421060226896
212,0.422582841913
211,0.424117211862
210,0.42566350467
209,0.427221891478
208,0.42879254672
207,0.430375648199
206,0.43197137717
205,0.433579918426
204,0.435201460383
203,0.43683619517
202,0.43848431872
201,0.440146030865
200,0.441821535434
199,0.443511040353
198,0.445214757748
197,0.446932904054
196,0.448665700121
195,0.450413371329
194,0.452176147707
193,0.45395426405
192,0.455747960045
191,0.457557480399
190,0.45938307497
189,0.461224998904
188,0.463083512776
187,0.464958882736
186,0.466851380654
185,0.468761284283
184,0.47068887741
183,0.472634450028
182,0.474598298502
181,0.476580725746
180,0.478582041407
179,0.48060256205
178,0.482642611355
177,0.484702520316
176,0.48678262745
175,0.488883279011
174,0.491004829214
173,0.493147640462
172,0.495312083589
171,0.4974985381
170,0.499707392432
169,0.501939044215
168,0.504193900546
167,0.506472378273
166,0.508774904289
165,0.511101915836
164,0.513453860819
163,0.515831198136
162,0.518234398017
161,0.520663942371
160,0.523120325157
159,0.525604052762
158,0.52811564439
157,0.530655632476
156,0.533224563104
155,0.535822996453
154,0.538451507252
153,0.541110685254
152,0.543801135733
151,0.546523479997
150,0.549278355921
149,0.552066418505
148,0.554888340452
147,0.55774481277
146,0.560636545396
145,0.563564267855
144,0.566528729935
143,0.609923875658
142,0.613013533798
141,0.616142309748
140,0.619311041746
139,0.622520592153
138,0.625771848326
137,0.629065723529
136,0.632403157889
135,0.635785119387
134,0.639212604899
133,0.642686641282
132,0.64620828651
131,0.649778630864
130,0.653398798168
129,0.657069947096
128,0.660793272529
127,0.664570006984
126,0.668401422104
125,0.672288830225
124,0.676233586016
123,0.680237088201
122,0.684300781364
121,0.688426157842
120,0.692614759718
119,0.696868180911
118,0.701188069369
117,0.70557612938
116,0.710034124002
115,0.714563877617
114,0.719167278619
113,0.723846282248
112,0.728602913574
111,0.733439270644
110,0.738357527795
109,0.74335993916
108,0.748448842354
107,0.753626662382
106,0.758895915758
105,0.764259214864
104,0.769719272558
103,0.77527890705
102,0.78094104707
101,0.786708737337
100,0.792585144357
99,0.798573562579
98,0.804677420917
97,0.810900289682
96,0.817245887952
95,0.855341552285
94,0.861904950486
93,0.868603208831
92,0.875440724931
91,0.87875908604
90,0.882144690694
89,0.88559980553
88,0.889126800213
87,0.892728153359
86,0.896406458867
85,0.900164432704
84,0.904004920166
83,0.907930903674
82,0.911945511132
81,0.916052024908
80,0.920253891489
79,0.924554731869
78,0.928958352731
77,0.93346875851
76,0.933816650766
75,0.934164543022
74,0.934512435277
73,0.934860327533
72,0.935208219789
71,0.956431129783
70,0.956715634288
69,0.957000138792
68,0.957284643297
67,0.957569147802
66,0.957853652307
65,0.958138156811
64,0.958422661316
63,0.958707165821
62,0.958991670326
61,0.95927617483
60,0.959560679335
59,0.95984518384
58,0.960129688345
57,0.97350161142
56,0.973725259108
55,0.973948906797
54,0.974172554485
53,0.974396202173
52,0.974619849861
51,0.974843497549
50,0.975067145237
49,0.975290792925
48,0.975514440613
47,0.983720489018
46,0.983894512754
45,0.98406853649
44,0.984242560227
43,0.984416583963
42,0.984590607699
41,0.984764631435
40,0.989749604632
39,0.989886327761
38,0.992132417947
37,0.992215091698
36,0.992297765449
35,0.995264474637
34,0.995320449616
33,0.995376424594
32,0.995432399573
31,0.997206947614
30,0.99724442691
29,0.997281906206
28,0.998342561702
27,0.99836752431
26,0.999004040509
25,0.999056731836
24,0.999071958287
23,0.999444863428
22,0.99966889601
21,0.999675121841
20,0.999806983028
19,0.999886122951
18,0.999888591003
17,0.999934360513
16,0.999961439565
15,0.999986442571
14,0.99999209368
13,0.999997248011
12,0.999998406827
11,0.999999672355
10,0.999999887924
9,0.999999977316
8,0.999999997295
7,0.999999999811
6,0.999999999995
5,1.0
1,1.0
2,1.0
3,1.0
4,1.0
