149,1,0.00595599992277
149,5,0.0297799996139
149,10,0.0595599992277
149,15,0.0893399988416
149,20,0.119119998455
149,25,0.148899998069
149,30,0.178679997683
149,35,0.208459997297
149,40,0.238239996911
149,45,0.268019996525
149,50,0.297799996139
148,1,0.00599624316549
148,5,0.0299812158275
148,10,0.0599624316549
148,15,0.0899436474824
148,20,0.11992486331
148,25,0.149906079137
148,30,0.179887294965
148,35,0.209868510792
148,40,0.23984972662
148,45,0.269830942447
148,50,0.299812158275
147,1,0.00603703393533
147,5,0.0301851696766
147,10,0.0603703393533
147,15,0.0905555090299
147,20,0.120740678707
147,25,0.150925848383
147,30,0.18111101806
147,35,0.211296187736
147,40,0.241481357413
147,45,0.27166652709
147,50,0.301851696766
146,1,0.00607838348283
146,5,0.0303919174142
146,10,0.0607838348283
146,15,0.0911757522425
146,20,0.121567669657
146,25,0.151959587071
146,30,0.182351504485
146,35,0.212743421899
146,40,0.243135339313
146,45,0.273527256727
146,50,0.303919174142
145,1,0.00612030336892
145,5,0.0306015168446
145,10,0.0612030336892
145,15,0.0918045505338
145,20,0.122406067378
145,25,0.153007584223
145,30,0.183609101068
145,35,0.214210617912
145,40,0.244812134757
145,45,0.275413651601
145,50,0.306015168446
144,1,0.00616280547565
144,5,0.0308140273782
144,10,0.0616280547565
144,15,0.0924420821347
144,20,0.123256109513
144,25,0.154070136891
144,30,0.184884164269
144,35,0.215698191648
144,40,0.246512219026
144,45,0.277326246404
144,50,0.308140273782
143,1,0.00620590201744
143,5,0.0310295100872
143,10,0.0620590201744
143,15,0.0930885302615
143,20,0.124118040349
143,25,0.155147550436
143,30,0.186177060523
143,35,0.21720657061
143,40,0.248236080697
143,45,0.279265590785
143,50,0.310295100872
142,1,0.00624960555277
142,5,0.0312480277638
142,10,0.0624960555277
142,15,0.0937440832915
142,20,0.124992111055
142,25,0.156240138819
142,30,0.187488166583
142,35,0.218736194347
142,40,0.249984222111
142,45,0.281232249875
142,50,0.312480277638
141,1,0.00629392899641
141,5,0.031469644982
141,10,0.0629392899641
141,15,0.0944089349461
141,20,0.125878579928
141,25,0.15734822491
141,30,0.188817869892
141,35,0.220287514874
141,40,0.251757159856
141,45,0.283226804838
141,50,0.31469644982
140,1,0.00633888563209
140,5,0.0316944281605
140,10,0.0633888563209
140,15,0.0950832844814
140,20,0.126777712642
140,25,0.158472140802
140,30,0.190166568963
140,35,0.221860997123
140,40,0.253555425284
140,45,0.285249853444
140,50,0.316944281605
139,1,0.00638448912585
139,5,0.0319224456293
139,10,0.0638448912585
139,15,0.0957673368878
139,20,0.127689782517
139,25,0.159612228146
139,30,0.191534673776
139,35,0.223457119405
139,40,0.255379565034
139,45,0.287302010663
139,50,0.319224456293
138,1,0.00643075353981
138,5,0.032153767699
138,10,0.0643075353981
138,15,0.0964613030971
138,20,0.128615070796
138,25,0.160768838495
138,30,0.192922606194
138,35,0.225076373893
138,40,0.257230141592
138,45,0.289383909291
138,50,0.32153767699
137,1,0.00647769334667
137,5,0.0323884667333
137,10,0.0647769334667
137,15,0.0971654002
137,20,0.129553866933
137,25,0.161942333667
137,30,0.1943308004
137,35,0.226719267133
137,40,0.259107733867
137,45,0.2914962006
137,50,0.323884667333
136,1,0.0065253234448
136,5,0.032626617224
136,10,0.065253234448
136,15,0.0978798516721
136,20,0.130506468896
136,25,0.16313308612
136,30,0.195759703344
136,35,0.228386320568
136,40,0.261012937792
136,45,0.293639555016
136,50,0.32626617224
135,1,0.00657365917402
135,5,0.0328682958701
135,10,0.0657365917402
135,15,0.0986048876104
135,20,0.13147318348
135,25,0.164341479351
135,30,0.197209775221
135,35,0.230078071091
135,40,0.262946366961
135,45,0.295814662831
135,50,0.328682958701
134,1,0.00662271633204
134,5,0.0331135816602
134,10,0.0662271633204
134,15,0.0993407449806
134,20,0.132454326641
134,25,0.165567908301
134,30,0.198681489961
134,35,0.231795071621
134,40,0.264908653282
134,45,0.298022234942
134,50,0.331135816602
133,1,0.00667251119168
133,5,0.0333625559584
133,10,0.0667251119168
133,15,0.100087667875
133,20,0.133450223834
133,25,0.166812779792
133,30,0.20017533575
133,35,0.233537891709
133,40,0.266900447667
133,45,0.300263003626
133,50,0.333625559584
132,1,0.00672306051889
132,5,0.0336153025944
132,10,0.0672306051889
132,15,0.100845907783
132,20,0.134461210378
132,25,0.168076512972
132,30,0.201691815567
132,35,0.235307118161
132,40,0.268922420756
132,45,0.30253772335
132,50,0.336153025944
131,1,0.00677438159155
131,5,0.0338719079578
131,10,0.0677438159155
131,15,0.101615723873
131,20,0.135487631831
131,25,0.169359539789
131,30,0.203231447747
131,35,0.237103355704
131,40,0.270975263662
131,45,0.30484717162
131,50,0.338719079578
130,1,0.00682649221918
130,5,0.0341324610959
130,10,0.0682649221918
130,15,0.102397383288
130,20,0.136529844384
130,25,0.170662305479
130,30,0.204794766575
130,35,0.238927227671
130,40,0.273059688767
130,45,0.307192149863
130,50,0.341324610959
129,1,0.00687941076351
129,5,0.0343970538176
129,10,0.0687941076351
129,15,0.103191161453
129,20,0.13758821527
129,25,0.171985269088
129,30,0.206382322905
129,35,0.240779376723
129,40,0.275176430541
129,45,0.309573484358
129,50,0.343970538176
128,1,0.0069331561601
128,5,0.0346657808005
128,10,0.069331561601
128,15,0.103997342402
128,20,0.138663123202
128,25,0.173328904003
128,30,0.207994684803
128,35,0.242660465604
128,40,0.277326246404
128,45,0.311992027205
128,50,0.346657808005
127,1,0.00698774794089
127,5,0.0349387397045
127,10,0.0698774794089
127,15,0.104816219113
127,20,0.139754958818
127,25,0.174693698522
127,30,0.209632438227
127,35,0.244571177931
127,40,0.279509917636
127,45,0.31444865734
127,50,0.349387397045
126,1,0.00704320625788
126,5,0.0352160312894
126,10,0.0704320625788
126,15,0.105648093868
126,20,0.140864125158
126,25,0.176080156447
126,30,0.211296187736
126,35,0.246512219026
126,40,0.281728250315
126,45,0.316944281605
126,50,0.352160312894
125,1,0.00709955190795
125,5,0.0354977595397
125,10,0.0709955190795
125,15,0.106493278619
125,20,0.141991038159
125,25,0.177488797699
125,30,0.212986557238
125,35,0.248484316778
125,40,0.283982076318
125,45,0.319479835858
125,50,0.354977595397
124,1,0.00715680635882
124,5,0.0357840317941
124,10,0.0715680635882
124,15,0.107352095382
124,20,0.143136127176
124,25,0.17892015897
124,30,0.214704190764
124,35,0.250488222559
124,40,0.286272254353
124,45,0.322056286147
124,50,0.357840317941
123,1,0.00721499177637
123,5,0.0360749588818
123,10,0.0721499177637
123,15,0.108224876646
123,20,0.144299835527
123,25,0.180374794409
123,30,0.216449753291
123,35,0.252524712173
123,40,0.288599671055
123,45,0.324674629937
123,50,0.360749588818
122,1,0.00727413105322
122,5,0.0363706552661
122,10,0.0727413105322
122,15,0.109111965798
122,20,0.145482621064
122,25,0.181853276331
122,30,0.218223931597
122,35,0.254594586863
122,40,0.290965242129
122,45,0.327335897395
122,50,0.363706552661
121,1,0.00733424783879
121,5,0.0366712391939
121,10,0.0733424783879
121,15,0.110013717582
121,20,0.146684956776
121,25,0.18335619597
121,30,0.220027435164
121,35,0.256698674358
121,40,0.293369913551
121,45,0.330041152745
121,50,0.366712391939
120,1,0.00739536657078
120,5,0.0369768328539
120,10,0.0739536657078
120,15,0.110930498562
120,20,0.147907331416
120,25,0.184884164269
120,30,0.221860997123
120,35,0.258837829977
120,40,0.295814662831
120,45,0.332791495685
120,50,0.369768328539
119,1,0.00745751250835
119,5,0.0372875625417
119,10,0.0745751250835
119,15,0.111862687625
119,20,0.149150250167
119,25,0.186437812709
119,30,0.22372537525
119,35,0.261012937792
119,40,0.298300500334
119,45,0.335588062876
119,50,0.372875625417
118,1,0.00752071176689
118,5,0.0376035588345
118,10,0.0752071176689
118,15,0.112810676503
118,20,0.150414235338
118,25,0.188017794172
118,30,0.225621353007
118,35,0.263224911841
118,40,0.300828470676
118,45,0.33843202951
118,50,0.376035588345
117,1,0.00758499135464
117,5,0.0379249567732
117,10,0.0758499135464
117,15,0.11377487032
117,20,0.151699827093
117,25,0.189624783866
117,30,0.227549740639
117,35,0.265474697413
117,40,0.303399654186
117,45,0.341324610959
117,50,0.379249567732
116,1,0.00765037921115
116,5,0.0382518960557
116,10,0.0765037921115
116,15,0.114755688167
116,20,0.153007584223
116,25,0.191259480279
116,30,0.229511376334
116,35,0.26776327239
116,40,0.306015168446
116,45,0.344267064502
116,50,0.382518960557
115,1,0.00771690424777
115,5,0.0385845212388
115,10,0.0771690424777
115,15,0.115753563717
115,20,0.154338084955
115,25,0.192922606194
115,30,0.231507127433
115,35,0.270091648672
115,40,0.308676169911
115,45,0.34726069115
115,50,0.385845212388
114,1,0.00778459639029
114,5,0.0389229819515
114,10,0.0778459639029
114,15,0.116768945854
114,20,0.155691927806
114,25,0.194614909757
114,30,0.233537891709
114,35,0.27246087366
114,40,0.311383855612
114,45,0.350306837563
114,50,0.389229819515
113,1,0.00785348662383
113,5,0.0392674331192
113,10,0.0785348662383
113,15,0.117802299358
113,20,0.157069732477
113,25,0.196337165596
113,30,0.235604598715
113,35,0.274872031834
113,40,0.314139464953
113,45,0.353406898073
113,50,0.392674331192
112,1,0.00792360704012
112,5,0.0396180352006
112,10,0.0792360704012
112,15,0.118854105602
112,20,0.158472140802
112,25,0.198090176003
112,30,0.237708211204
112,35,0.277326246404
112,40,0.316944281605
112,45,0.356562316805
112,50,0.396180352006
111,1,0.00799499088733
111,5,0.0399749544366
111,10,0.0799499088733
111,15,0.11992486331
111,20,0.159899817747
111,25,0.199874772183
111,30,0.23984972662
111,35,0.279824681056
111,40,0.319799635493
111,45,0.35977458993
111,50,0.399749544366
110,1,0.00806767262267
110,5,0.0403383631133
110,10,0.0806767262267
110,15,0.12101508934
110,20,0.161353452453
110,25,0.201691815567
110,30,0.24203017868
110,35,0.282368541793
110,40,0.322706904907
110,45,0.36304526802
110,50,0.403383631133
109,1,0.00814168796783
109,5,0.0407084398391
109,10,0.0814168796783
109,15,0.122125319517
109,20,0.162833759357
109,25,0.203542199196
109,30,0.244250639035
109,35,0.284959078874
109,40,0.325667518713
109,45,0.366375958552
109,50,0.407084398391
108,1,0.00821707396753
108,5,0.0410853698377
108,10,0.0821707396753
108,15,0.123256109513
108,20,0.164341479351
108,25,0.205426849188
108,30,0.246512219026
108,35,0.287597588864
108,40,0.328682958701
108,45,0.369768328539
108,50,0.410853698377
107,1,0.00829386905134
107,5,0.0414693452567
107,10,0.0829386905134
107,15,0.12440803577
107,20,0.165877381027
107,25,0.207346726283
107,30,0.24881607154
107,35,0.290285416797
107,40,0.331754762054
107,45,0.37322410731
107,50,0.414693452567
106,1,0.00837211309899
106,5,0.041860565495
106,10,0.0837211309899
106,15,0.125581696485
106,20,0.16744226198
106,25,0.209302827475
106,30,0.25116339297
106,35,0.293023958465
106,40,0.33488452396
106,45,0.376745089455
106,50,0.41860565495
105,1,0.00845184750946
105,5,0.0422592375473
105,10,0.0845184750946
105,15,0.126777712642
105,20,0.169036950189
105,25,0.211296187736
105,30,0.253555425284
105,35,0.295814662831
105,40,0.338073900378
105,45,0.380333137926
105,50,0.422592375473
104,1,0.00853311527397
104,5,0.0426655763699
104,10,0.0853311527397
104,15,0.12799672911
104,20,0.170662305479
104,25,0.213327881849
104,30,0.255993458219
104,35,0.298659034589
104,40,0.341324610959
104,45,0.383990187329
104,50,0.426655763699
103,1,0.00861596105333
103,5,0.0430798052667
103,10,0.0861596105333
103,15,0.1292394158
103,20,0.172319221067
103,25,0.215399026333
103,30,0.2584788316
103,35,0.301558636867
103,40,0.344638442133
103,45,0.3877182474
103,50,0.430798052667
102,1,0.00870043125974
102,5,0.0435021562987
102,10,0.0870043125974
102,15,0.130506468896
102,20,0.174008625195
102,25,0.217510781493
102,30,0.261012937792
102,35,0.304515094091
102,40,0.34801725039
102,45,0.391519406688
102,50,0.435021562987
101,1,0.0087865741435
101,5,0.0439328707175
101,10,0.087865741435
101,15,0.131798612152
101,20,0.17573148287
101,25,0.219664353587
101,30,0.263597224305
101,35,0.307530095022
101,40,0.35146296574
101,45,0.395395836457
101,50,0.439328707175
100,1,0.00887443988493
100,5,0.0443721994247
100,10,0.0887443988493
100,15,0.133116598274
100,20,0.177488797699
100,25,0.221860997123
100,30,0.266233196548
100,35,0.310605395973
100,40,0.354977595397
100,45,0.399349794822
100,50,0.443721994247
99,1,0.00896408069185
99,5,0.0448204034593
99,10,0.0896408069185
99,15,0.134461210378
99,20,0.179281613837
99,25,0.224102017296
99,30,0.268922420756
99,35,0.313742824215
99,40,0.358563227674
99,45,0.403383631133
99,50,0.448204034593
98,1,0.00905555090299
98,5,0.045277754515
98,10,0.0905555090299
98,15,0.135833263545
98,20,0.18111101806
98,25,0.226388772575
98,30,0.27166652709
98,35,0.316944281605
98,40,0.36222203612
98,45,0.407499790635
98,50,0.45277754515
97,1,0.00914890709787
97,5,0.0457445354893
97,10,0.0914890709787
97,15,0.137233606468
97,20,0.182978141957
97,25,0.228722677447
97,30,0.274467212936
97,35,0.320211748425
97,40,0.365956283915
97,45,0.411700819404
97,50,0.457445354893
96,1,0.00924420821347
96,5,0.0462210410674
96,10,0.0924420821347
96,15,0.138663123202
96,20,0.184884164269
96,25,0.231105205337
96,30,0.277326246404
96,35,0.323547287472
96,40,0.369768328539
96,45,0.415989369606
96,50,0.462210410674
95,1,0.00934151566835
95,5,0.0467075783418
95,10,0.0934151566835
95,15,0.140122735025
95,20,0.186830313367
95,25,0.233537891709
95,30,0.280245470051
95,35,0.326953048392
95,40,0.373660626734
95,45,0.420368205076
95,50,0.467075783418
94,1,0.00944089349461
94,5,0.047204467473
94,10,0.0944089349461
94,15,0.141613402419
94,20,0.188817869892
94,25,0.236022337365
94,30,0.283226804838
94,35,0.330431272311
94,40,0.377635739784
94,45,0.424840207257
94,50,0.47204467473
93,1,0.00954240847842
93,5,0.0477120423921
93,10,0.0954240847842
93,15,0.143136127176
93,20,0.190848169568
93,25,0.238560211961
93,30,0.286272254353
93,35,0.333984296745
93,40,0.381696339137
93,45,0.429408381529
93,50,0.477120423921
92,1,0.00964613030971
92,5,0.0482306515485
92,10,0.0964613030971
92,15,0.144691954646
92,20,0.192922606194
92,25,0.241153257743
92,30,0.289383909291
92,35,0.33761456084
92,40,0.385845212388
92,45,0.434075863937
92,50,0.482306515485
91,1,0.00975213174168
91,5,0.0487606587084
91,10,0.0975213174168
91,15,0.146281976125
91,20,0.195042634834
91,25,0.243803293542
91,30,0.292563952251
91,35,0.341324610959
91,40,0.390085269667
91,45,0.438845928376
91,50,0.487606587084
90,1,0.00986048876104
90,5,0.0493024438052
90,10,0.0986048876104
90,15,0.147907331416
90,20,0.197209775221
90,25,0.246512219026
90,30,0.295814662831
90,35,0.345117106636
90,40,0.394419550441
90,45,0.443721994247
90,50,0.493024438052
89,1,0.00997128076959
89,5,0.0498564038479
89,10,0.0997128076959
89,15,0.149569211544
89,20,0.199425615392
89,25,0.24928201924
89,30,0.299138423088
89,35,0.348994826936
89,40,0.398851230783
89,45,0.448707634631
89,50,0.498564038479
88,1,0.0100845907783
88,5,0.0504229538917
88,10,0.100845907783
88,15,0.151268861675
88,20,0.201691815567
88,25,0.252114769458
88,30,0.30253772335
88,35,0.352960677242
88,40,0.403383631133
88,45,0.453806585025
88,50,0.504229538917
87,1,0.0102005056149
87,5,0.0510025280743
87,10,0.102005056149
87,15,0.153007584223
87,20,0.204010112297
87,25,0.255012640372
87,30,0.306015168446
87,35,0.35701769652
87,40,0.408020224595
87,45,0.459022752669
87,50,0.510025280743
86,1,0.0103191161453
86,5,0.0515955807264
86,10,0.103191161453
86,15,0.154786742179
86,20,0.206382322905
86,25,0.257977903632
86,30,0.309573484358
86,35,0.361169065084
86,40,0.412764645811
86,45,0.464360226537
86,50,0.515955807264
85,1,0.0104405175117
85,5,0.0522025875584
85,10,0.104405175117
85,15,0.156607762675
85,20,0.208810350234
85,25,0.261012937792
85,30,0.313215525351
85,35,0.365418112909
85,40,0.417620700467
85,45,0.469823288026
85,50,0.522025875584
84,1,0.0105648093868
84,5,0.0528240469341
84,10,0.105648093868
84,15,0.158472140802
84,20,0.211296187736
84,25,0.264120234671
84,30,0.316944281605
84,35,0.369768328539
84,40,0.422592375473
84,45,0.475416422407
84,50,0.528240469341
83,1,0.0106920962469
83,5,0.0534604812345
83,10,0.106920962469
83,15,0.160381443704
83,20,0.213841924938
83,25,0.267302406173
83,30,0.320762887407
83,35,0.374223368642
83,40,0.427683849876
83,45,0.481144331111
83,50,0.534604812345
82,1,0.0108224876646
82,5,0.0541124383228
82,10,0.108224876646
82,15,0.162337314968
82,20,0.216449753291
82,25,0.270562191614
82,30,0.324674629937
82,35,0.378787068259
82,40,0.432899506582
82,45,0.487011944905
82,50,0.541124383228
81,1,0.0109560986234
81,5,0.0547804931169
81,10,0.109560986234
81,15,0.164341479351
81,20,0.219121972467
81,25,0.273902465584
81,30,0.328682958701
81,35,0.383463451818
81,40,0.438243944935
81,45,0.493024438052
81,50,0.547804931169
80,1,0.0110930498562
80,5,0.0554652492808
80,10,0.110930498562
80,15,0.166395747842
80,20,0.221860997123
80,25,0.277326246404
80,30,0.332791495685
80,35,0.388256744966
80,40,0.443721994247
80,45,0.499187243527
80,50,0.554652492808
79,1,0.0112334682088
79,5,0.0561673410439
79,10,0.112334682088
79,15,0.168502023132
79,20,0.224669364176
79,25,0.280836705219
79,30,0.337004046263
79,35,0.393171387307
79,40,0.449338728351
79,45,0.505506069395
79,50,0.561673410439
78,1,0.011377487032
78,5,0.0568874351598
78,10,0.11377487032
78,15,0.170662305479
78,20,0.227549740639
78,25,0.284437175799
78,30,0.341324610959
78,35,0.398212046119
78,40,0.455099481279
78,45,0.511986916438
78,50,0.568874351598
77,1,0.0115252466038
77,5,0.057626233019
77,10,0.115252466038
77,15,0.172878699057
77,20,0.230504932076
77,25,0.288131165095
77,30,0.345757398114
77,35,0.403383631133
77,40,0.461009864152
77,45,0.518636097171
77,50,0.57626233019
76,1,0.0116768945854
76,5,0.0583844729272
76,10,0.116768945854
76,15,0.175153418782
76,20,0.233537891709
76,25,0.291922364636
76,30,0.350306837563
76,35,0.40869131049
76,40,0.467075783418
76,45,0.525460256345
76,50,0.583844729272
75,1,0.0118325865132
75,5,0.0591629325662
75,10,0.118325865132
75,15,0.177488797699
75,20,0.236651730265
75,25,0.295814662831
75,30,0.354977595397
75,35,0.414140527964
75,40,0.47330346053
75,45,0.532466393096
75,50,0.591629325662
74,1,0.011992486331
74,5,0.0599624316549
74,10,0.11992486331
74,15,0.179887294965
74,20,0.23984972662
74,25,0.299812158275
74,30,0.35977458993
74,35,0.419737021585
74,40,0.47969945324
74,45,0.539661884895
74,50,0.599624316549
73,1,0.0121567669657
73,5,0.0607838348283
73,10,0.121567669657
73,15,0.182351504485
73,20,0.243135339313
73,25,0.303919174142
73,30,0.36470300897
73,35,0.425486843798
73,40,0.486270678626
73,45,0.547054513455
73,50,0.607838348283
72,1,0.0123256109513
72,5,0.0616280547565
72,10,0.123256109513
72,15,0.184884164269
72,20,0.246512219026
72,25,0.308140273782
72,30,0.369768328539
72,35,0.431396383295
72,40,0.493024438052
72,45,0.554652492808
72,50,0.616280547565
71,1,0.0124992111055
71,5,0.0624960555277
71,10,0.124992111055
71,15,0.187488166583
71,20,0.249984222111
71,25,0.312480277638
71,30,0.374976333166
71,35,0.437472388694
71,40,0.499968444222
71,45,0.562464499749
71,50,0.624960555277
70,1,0.0126777712642
70,5,0.0633888563209
70,10,0.126777712642
70,15,0.190166568963
70,20,0.253555425284
70,25,0.316944281605
70,30,0.380333137926
70,35,0.443721994247
70,40,0.507110850568
70,45,0.570499706889
70,50,0.633888563209
69,1,0.0128615070796
69,5,0.0643075353981
69,10,0.128615070796
69,15,0.192922606194
69,20,0.257230141592
69,25,0.32153767699
69,30,0.385845212388
69,35,0.450152747786
69,40,0.514460283184
69,45,0.578767818583
69,50,0.643075353981
68,1,0.0130506468896
68,5,0.065253234448
68,10,0.130506468896
68,15,0.195759703344
68,20,0.261012937792
68,25,0.32626617224
68,30,0.391519406688
68,35,0.456772641136
68,40,0.522025875584
68,45,0.587279110032
68,50,0.65253234448
67,1,0.0132454326641
67,5,0.0662271633204
67,10,0.132454326641
67,15,0.198681489961
67,20,0.264908653282
67,25,0.331135816602
67,30,0.397362979922
67,35,0.463590143243
67,40,0.529817306563
67,45,0.596044469884
67,50,0.662271633204
66,1,0.0134461210378
66,5,0.0672306051889
66,10,0.134461210378
66,15,0.201691815567
66,20,0.268922420756
66,25,0.336153025944
66,30,0.403383631133
66,35,0.470614236322
66,40,0.537844841511
66,45,0.6050754467
66,50,0.672306051889
65,1,0.0136529844384
65,5,0.0682649221918
65,10,0.136529844384
65,15,0.204794766575
65,20,0.273059688767
65,25,0.341324610959
65,30,0.409589533151
65,35,0.477854455343
65,40,0.546119377534
65,45,0.614384299726
65,50,0.682649221918
64,1,0.0138663123202
64,5,0.069331561601
64,10,0.138663123202
64,15,0.207994684803
64,20,0.277326246404
64,25,0.346657808005
64,30,0.415989369606
64,35,0.485320931207
64,40,0.554652492808
64,45,0.623984054409
64,50,0.69331561601
63,1,0.0140864125158
63,5,0.0704320625788
63,10,0.140864125158
63,15,0.211296187736
63,20,0.281728250315
63,25,0.352160312894
63,30,0.422592375473
63,35,0.493024438052
63,40,0.563456500631
63,45,0.633888563209
63,50,0.704320625788
62,1,0.0143136127176
62,5,0.0715680635882
62,10,0.143136127176
62,15,0.214704190764
62,20,0.286272254353
62,25,0.357840317941
62,30,0.429408381529
62,35,0.500976445117
62,40,0.572544508705
62,45,0.644112572293
62,50,0.715680635882
61,1,0.0145482621064
61,5,0.0727413105322
61,10,0.145482621064
61,15,0.218223931597
61,20,0.290965242129
61,25,0.363706552661
61,30,0.436447863193
61,35,0.509189173726
61,40,0.581930484258
61,45,0.65467179479
61,50,0.727413105322
60,1,0.0147907331416
60,5,0.0739536657078
60,10,0.147907331416
60,15,0.221860997123
60,20,0.295814662831
60,25,0.369768328539
60,30,0.443721994247
60,35,0.517675659954
60,40,0.591629325662
60,45,0.66558299137
60,50,0.739536657078
59,1,0.0150414235338
59,5,0.0752071176689
59,10,0.150414235338
59,15,0.225621353007
59,20,0.300828470676
59,25,0.376035588345
59,30,0.451242706014
59,35,0.526449823682
59,40,0.601656941351
59,45,0.67686405902
59,50,0.752071176689
58,1,0.0153007584223
58,5,0.0765037921115
58,10,0.153007584223
58,15,0.229511376334
58,20,0.306015168446
58,25,0.382518960557
58,30,0.459022752669
58,35,0.53552654478
58,40,0.612030336892
58,45,0.688534129003
58,50,0.765037921115
57,1,0.0155691927806
57,5,0.0778459639029
57,10,0.155691927806
57,15,0.233537891709
57,20,0.311383855612
57,25,0.389229819515
57,30,0.467075783418
57,35,0.54492174732
57,40,0.622767711223
57,45,0.700613675126
57,50,0.778459639029
56,1,0.0158472140802
56,5,0.0792360704012
56,10,0.158472140802
56,15,0.237708211204
56,20,0.316944281605
56,25,0.396180352006
56,30,0.475416422407
56,35,0.554652492808
56,40,0.633888563209
56,45,0.713124633611
56,50,0.792360704012
55,1,0.0161353452453
55,5,0.0806767262267
55,10,0.161353452453
55,15,0.24203017868
55,20,0.322706904907
55,25,0.403383631133
55,30,0.48406035736
55,35,0.564737083587
55,40,0.645413809813
55,45,0.72609053604
55,50,0.806767262267
54,1,0.0164341479351
54,5,0.0821707396753
54,10,0.164341479351
54,15,0.246512219026
54,20,0.328682958701
54,25,0.410853698377
54,30,0.493024438052
54,35,0.575195177727
54,40,0.657365917402
54,45,0.739536657078
54,50,0.821707396753
53,1,0.016744226198
53,5,0.0837211309899
53,10,0.16744226198
53,15,0.25116339297
53,20,0.33488452396
53,25,0.41860565495
53,30,0.50232678594
53,35,0.58604791693
53,40,0.669769047919
53,45,0.753490178909
53,50,0.837211309899
52,1,0.0170662305479
52,5,0.0853311527397
52,10,0.170662305479
52,15,0.255993458219
52,20,0.341324610959
52,25,0.426655763699
52,30,0.511986916438
52,35,0.597318069178
52,40,0.682649221918
52,45,0.767980374658
52,50,0.853311527397
51,1,0.0174008625195
51,5,0.0870043125974
51,10,0.174008625195
51,15,0.261012937792
51,20,0.34801725039
51,25,0.435021562987
51,30,0.522025875584
51,35,0.609030188182
51,40,0.696034500779
51,45,0.783038813376
51,50,0.870043125974
50,1,0.0177488797699
50,5,0.0887443988493
50,10,0.177488797699
50,15,0.266233196548
50,20,0.354977595397
50,25,0.443721994247
50,30,0.532466393096
50,35,0.621210791945
50,40,0.709955190795
50,45,0.798699589644
50,50,0.887443988493
49,1,0.018111101806
49,5,0.0905555090299
49,10,0.18111101806
49,15,0.27166652709
49,20,0.36222203612
49,25,0.45277754515
49,30,0.54333305418
49,35,0.633888563209
49,40,0.724444072239
49,45,0.814999581269
49,50,0.888948943918
48,1,0.0184884164269
48,5,0.0924420821347
48,10,0.184884164269
48,15,0.277326246404
48,20,0.369768328539
48,25,0.462210410674
48,30,0.554652492808
48,35,0.647094574943
48,40,0.739536657078
48,45,0.831978739212
48,50,0.890453899343
47,1,0.0188817869892
47,5,0.0944089349461
47,10,0.188817869892
47,15,0.283226804838
47,20,0.377635739784
47,25,0.47204467473
47,30,0.566453609677
47,35,0.660862544623
47,40,0.755271479569
47,45,0.849680414515
47,50,0.891958854767
46,1,0.0192922606194
46,5,0.0964613030971
46,10,0.192922606194
46,15,0.289383909291
46,20,0.385845212388
46,25,0.482306515485
46,30,0.578767818583
46,35,0.67522912168
46,40,0.771690424777
46,45,0.868151727874
46,50,0.893463810192
45,1,0.0197209775221
45,5,0.0986048876104
45,10,0.197209775221
45,15,0.295814662831
45,20,0.394419550441
45,25,0.493024438052
45,30,0.591629325662
45,35,0.690234213273
45,40,0.788839100883
45,45,0.887443988493
45,50,0.894968765617
44,1,0.0201691815567
44,5,0.100845907783
44,10,0.201691815567
44,15,0.30253772335
44,20,0.403383631133
44,25,0.504229538917
44,30,0.6050754467
44,35,0.705921354483
44,40,0.806767262267
44,45,0.889116161187
44,50,0.896473721041
43,1,0.0206382322905
43,5,0.103191161453
43,10,0.206382322905
43,15,0.309573484358
43,20,0.412764645811
43,25,0.515955807264
43,30,0.619146968716
43,35,0.722338130169
43,40,0.825529291622
43,45,0.890788333881
43,50,0.897978676466
42,1,0.0211296187736
42,5,0.105648093868
42,10,0.211296187736
42,15,0.316944281605
42,20,0.422592375473
42,25,0.528240469341
42,30,0.633888563209
42,35,0.739536657078
42,40,0.845184750946
42,45,0.892460506575
42,50,0.899483631891
41,1,0.0216449753291
41,5,0.108224876646
41,10,0.216449753291
41,15,0.324674629937
41,20,0.432899506582
41,25,0.541124383228
41,30,0.649349259873
41,35,0.757574136519
41,40,0.865799013164
41,45,0.89413267927
41,50,0.900988587315
40,1,0.0221860997123
40,5,0.110930498562
40,10,0.221860997123
40,15,0.332791495685
40,20,0.443721994247
40,25,0.554652492808
40,30,0.66558299137
40,35,0.776513489932
40,40,0.887443988493
40,45,0.895804851964
40,50,0.90249354274
39,1,0.0227549740639
39,5,0.11377487032
39,10,0.227549740639
39,15,0.341324610959
39,20,0.455099481279
39,25,0.568874351598
39,30,0.682649221918
39,35,0.796424092238
39,40,0.889325182774
39,45,0.897477024658
39,50,0.903998498164
38,1,0.0233537891709
38,5,0.116768945854
38,10,0.233537891709
38,15,0.350306837563
38,20,0.467075783418
38,25,0.583844729272
38,30,0.700613675126
38,35,0.817382620981
38,40,0.891206377055
38,45,0.899149197352
38,50,0.905503453589
37,1,0.023984972662
37,5,0.11992486331
37,10,0.23984972662
37,15,0.35977458993
37,20,0.47969945324
37,25,0.599624316549
37,30,0.719549179859
37,35,0.839474043169
37,40,0.893087571336
37,45,0.900821370046
37,50,0.907008409014
36,1,0.0246512219026
36,5,0.123256109513
36,10,0.246512219026
36,15,0.369768328539
36,20,0.493024438052
36,25,0.616280547565
36,30,0.739536657078
36,35,0.862792766591
36,40,0.894968765617
36,45,0.90249354274
36,50,0.908513364438
35,1,0.0253555425284
35,5,0.126777712642
35,10,0.253555425284
35,15,0.380333137926
35,20,0.507110850568
35,25,0.633888563209
35,30,0.760666275851
35,35,0.887443988493
35,40,0.896849959897
35,45,0.904165715434
35,50,0.910018319863
34,1,0.0261012937792
34,5,0.130506468896
34,10,0.261012937792
34,15,0.391519406688
34,20,0.522025875584
34,25,0.65253234448
34,30,0.783038813376
34,35,0.889593924814
34,40,0.898731154178
34,45,0.905837888128
34,50,0.911523275288
33,1,0.0268922420756
33,5,0.134461210378
33,10,0.268922420756
33,15,0.403383631133
33,20,0.537844841511
33,25,0.672306051889
33,30,0.806767262267
33,35,0.891743861135
33,40,0.900612348459
33,45,0.907510060822
33,50,0.913028230712
32,1,0.0277326246404
32,5,0.138663123202
32,10,0.277326246404
32,15,0.415989369606
32,20,0.554652492808
32,25,0.69331561601
32,30,0.831978739212
32,35,0.893893797456
32,40,0.90249354274
32,45,0.909182233516
32,50,0.914533186137
31,1,0.0286272254353
31,5,0.143136127176
31,10,0.286272254353
31,15,0.429408381529
31,20,0.572544508705
31,25,0.715680635882
31,30,0.858816763058
31,35,0.896043733777
31,40,0.904374737021
31,45,0.91085440621
31,50,0.916038141562
30,1,0.0295814662831
30,5,0.147907331416
30,10,0.295814662831
30,15,0.443721994247
30,20,0.591629325662
30,25,0.739536657078
30,30,0.887443988493
30,35,0.898193670098
30,40,0.906255931301
30,45,0.912526578904
30,50,0.917543096986
29,1,0.0306015168446
29,5,0.153007584223
29,10,0.306015168446
29,15,0.459022752669
29,20,0.612030336892
29,25,0.765037921115
29,30,0.889952247534
29,35,0.900343606419
29,40,0.908137125582
29,45,0.914198751598
29,50,0.919048052411
28,1,0.0316944281605
28,5,0.158472140802
28,10,0.316944281605
28,15,0.475416422407
28,20,0.633888563209
28,25,0.792360704012
28,30,0.892460506575
28,35,0.90249354274
28,40,0.910018319863
28,45,0.915870924292
28,50,0.920553007836
27,1,0.0328682958701
27,5,0.164341479351
27,10,0.328682958701
27,15,0.493024438052
27,20,0.657365917402
27,25,0.821707396753
27,30,0.894968765617
27,35,0.904643479061
27,40,0.911899514144
27,45,0.917543096986
27,50,0.92205796326
26,1,0.0341324610959
26,5,0.170662305479
26,10,0.341324610959
26,15,0.511986916438
26,20,0.682649221918
26,25,0.853311527397
26,30,0.897477024658
26,35,0.906793415382
26,40,0.913780708425
26,45,0.91921526968
26,50,0.923562918685
25,1,0.0354977595397
25,5,0.177488797699
25,10,0.354977595397
25,15,0.532466393096
25,20,0.709955190795
25,25,0.887443988493
25,30,0.899985283699
25,35,0.908943351703
25,40,0.915661902706
25,45,0.920887442374
25,50,0.962691759726
24,1,0.0369768328539
24,5,0.184884164269
24,10,0.369768328539
24,15,0.554652492808
24,20,0.739536657078
24,25,0.890453899343
24,30,0.90249354274
24,35,0.911093288024
24,40,0.917543096986
24,45,0.922559615069
24,50,0.96358644058
23,1,0.0385845212388
23,5,0.192922606194
23,10,0.385845212388
23,15,0.578767818583
23,20,0.771690424777
23,25,0.893463810192
23,30,0.905001801781
23,35,0.913243224344
23,40,0.919424291267
23,45,0.924231787763
23,50,0.964481121434
22,1,0.0403383631133
22,5,0.201691815567
22,10,0.403383631133
22,15,0.6050754467
22,20,0.806767262267
22,25,0.896473721041
22,30,0.907510060822
22,35,0.915393160665
22,40,0.921305485548
22,45,0.963188804645
22,50,0.965375802287
21,1,0.0422592375473
21,5,0.211296187736
21,10,0.422592375473
21,15,0.633888563209
21,20,0.845184750946
21,25,0.899483631891
21,30,0.910018319863
21,35,0.917543096986
21,40,0.923186679829
21,45,0.964182894482
21,50,0.966270483141
20,1,0.0443721994247
20,5,0.221860997123
20,10,0.443721994247
20,15,0.66558299137
20,20,0.887443988493
20,25,0.90249354274
20,30,0.912526578904
20,35,0.919693033307
20,40,0.962691759726
20,45,0.96517698432
20,50,0.967165163995
19,1,0.0467075783418
19,5,0.233537891709
19,10,0.467075783418
19,15,0.700613675126
19,20,0.891206377055
19,25,0.905503453589
19,30,0.915034837945
19,35,0.921842969628
19,40,0.963810110793
19,45,0.966171074157
19,50,0.968059844849
18,1,0.0493024438052
18,5,0.246512219026
18,10,0.493024438052
18,15,0.739536657078
18,20,0.894968765617
18,25,0.908513364438
18,30,0.917543096986
18,35,0.923992905949
18,40,0.964928461861
18,45,0.967165163995
18,50,0.968954525703
17,1,0.0522025875584
17,5,0.261012937792
17,10,0.522025875584
17,15,0.783038813376
17,20,0.898731154178
17,25,0.911523275288
17,30,0.920051356027
17,35,0.963330817479
17,40,0.966046812928
17,45,0.968159253833
17,50,0.969849206556
16,1,0.0554652492808
16,5,0.277326246404
16,10,0.554652492808
16,15,0.831978739212
16,20,0.90249354274
16,25,0.914533186137
16,30,0.922559615069
16,35,0.964608932984
16,40,0.967165163995
16,45,0.96915334367
16,50,0.98539713417
15,1,0.0591629325662
15,5,0.295814662831
15,10,0.591629325662
15,15,0.887443988493
15,20,0.906255931301
15,25,0.917543096986
15,30,0.962691759726
15,35,0.96588704849
15,40,0.968283515062
15,45,0.985058781071
15,50,0.985904663817
14,1,0.0633888563209
14,5,0.316944281605
14,10,0.633888563209
14,15,0.892460506575
14,20,0.910018319863
14,25,0.920553007836
14,30,0.964182894482
14,35,0.967165163995
14,40,0.96940186613
14,45,0.985622702902
14,50,0.986412193465
13,1,0.0682649221918
13,5,0.341324610959
13,10,0.682649221918
13,15,0.897477024658
13,20,0.913780708425
13,25,0.923562918685
13,30,0.965674029239
13,35,0.9684432795
13,40,0.985270251758
13,45,0.986186624733
13,50,0.986919723112
12,1,0.0739536657078
12,5,0.369768328539
12,10,0.739536657078
12,15,0.90249354274
12,20,0.917543096986
12,25,0.96358644058
12,30,0.967165163995
12,35,0.969721395006
12,40,0.985904663817
12,45,0.986750546563
12,50,0.993660238281
11,1,0.0806767262267
11,5,0.403383631133
11,10,0.806767262267
11,15,0.907510060822
11,20,0.921305485548
11,25,0.965375802287
11,30,0.968656298751
11,35,0.98554214264
11,40,0.986539075877
11,45,0.993596847281
11,50,0.99394549778
10,1,0.0887443988493
10,5,0.443721994247
10,10,0.887443988493
10,15,0.912526578904
10,20,0.962691759726
10,25,0.967165163995
10,30,0.985058781071
10,35,0.986267184994
10,40,0.993517608532
10,45,0.99391380228
10,50,0.997083352263
9,1,0.0986048876104
9,5,0.493024438052
9,10,0.894968765617
9,15,0.917543096986
9,20,0.964928461861
9,25,0.968954525703
9,30,0.985904663817
9,35,0.986992227348
9,40,0.993874182905
9,45,0.997083352263
9,50,0.997241390646
8,1,0.110930498562
8,5,0.554652492808
8,10,0.90249354274
8,15,0.922559615069
8,20,0.967165163995
8,25,0.98539713417
8,30,0.986750546563
8,35,0.993823243709
8,40,0.997083352263
8,45,0.997258950467
8,50,0.998692465715
7,1,0.126777712642
7,5,0.633888563209
7,10,0.910018319863
7,15,0.964182894482
7,20,0.96940186613
7,25,0.986412193465
7,30,0.993755324781
7,35,0.997083352263
7,40,0.997280900242
7,45,0.998711618795
7,50,0.999388591546
6,1,0.147907331416
6,5,0.739536657078
6,10,0.917543096986
6,15,0.967165163995
6,20,0.985904663817
6,25,0.993660238281
6,30,0.997083352263
6,35,0.997309121382
6,40,0.998735560147
6,45,0.999404026361
6,50,0.999718857926
5,1,0.177488797699
5,5,0.887443988493
5,10,0.962691759726
5,15,0.985058781071
5,20,0.993517608532
5,25,0.997083352263
5,30,0.998663736093
5,35,0.999381976626
5,40,0.999712722657
5,45,0.999866104391
5,50,0.999937503287
4,1,0.221860997123
4,5,0.90249354274
4,10,0.967165163995
4,15,0.986750546563
4,20,0.997083352263
4,25,0.998692465715
4,30,0.999404026361
4,35,0.999725869662
4,40,0.999937503287
4,45,0.999971152278
4,50,0.999986648298
3,1,0.295814662831
3,5,0.917543096986
3,10,0.985904663817
3,15,0.997083352263
3,20,0.998735560147
3,25,0.999718857926
3,30,0.999937503287
3,35,0.999971695328
3,40,0.999993708282
3,45,0.999998606449
3,50,0.999999362371
2,1,0.443721994247
2,5,0.967165163995
2,10,0.997083352263
2,15,0.999404026361
2,20,0.999937503287
2,25,0.999986648298
2,30,0.999998606449
2,35,0.99999970004
2,40,0.999999968872
2,45,0.999999993276
2,50,0.999999999305
1,1,0.887443988493
1,5,0.997083352263
1,10,0.999937503287
1,15,0.999998606449
1,20,0.999999968872
1,25,0.999999999305
1,30,0.999999999984
1,35,1.0
1,40,1.0
1,45,1.0
1,50,1.0
