300,0.346122998165
299,0.346961068018
298,0.347804478193
297,0.348653282632
296,0.349507536007
295,0.350367293731
294,0.35123261197
293,0.352103547658
292,0.352980158509
291,0.353862503029
290,0.354750640533
289,0.355644631155
288,0.356544535865
287,0.357450416483
286,0.358362335693
285,0.359135763502
284,0.35991358678
283,0.360695852122
282,0.361482606783
281,0.362273898693
280,0.363069776465
279,0.363870289408
278,0.364675487544
277,0.365485421614
276,0.366300143095
275,0.367119704214
274,0.36794415796
273,0.368632238061
272,0.369323451435
271,0.370017832765
270,0.370715417253
269,0.37141624062
268,0.372120339124
267,0.372827749563
266,0.37353850929
265,0.374252656222
264,0.374970228849
263,0.375691266248
262,0.376415808092
261,0.377143894661
260,0.377875566857
259,0.378610866212
258,0.379349834902
257,0.380092515759
256,0.380838952286
255,0.381589188668
254,0.381851143799
253,0.382113098931
252,0.382375054062
251,0.382637009193
250,0.382898964325
249,0.383160919456
248,0.383422874587
247,0.383684829719
246,0.38394678485
245,0.384208739982
244,0.384470695113
243,0.384732650244
242,0.384994605376
241,0.385256560507
240,0.385518515638
239,0.38578047077
238,0.386042425901
237,0.386304381033
236,0.386566336164
235,0.386828291295
234,0.387090246427
233,0.387352201558
232,0.387614156689
231,0.387876111821
230,0.388138066952
229,0.388400022084
228,0.388661977215
227,0.388923932346
226,0.389185887478
225,0.389447842609
224,0.38970979774
223,0.389971752872
222,0.390233708003
221,0.390495663135
220,0.390757618266
219,0.391019573397
218,0.400524089116
217,0.400758998525
216,0.400993907933
215,0.401228817342
214,0.401463726751
213,0.40169863616
212,0.401933545569
211,0.402168454978
210,0.402403364387
209,0.402638273796
208,0.402873183205
207,0.403108092614
206,0.403343002023
205,0.403577911432
204,0.403812820841
203,0.40404773025
202,0.404282639659
201,0.404517549068
200,0.404752458477
199,0.404987367886
198,0.405222277295
197,0.405457186704
196,0.405692096113
195,0.405927005522
194,0.406161914931
193,0.406396824339
192,0.406631733748
191,0.406866643157
190,0.407101552566
189,0.407336461975
188,0.407571371384
187,0.407806280793
186,0.408041190202
185,0.408276099611
184,0.40851100902
183,0.408745918429
182,0.408980827838
181,0.409215737247
180,0.409450646656
179,0.409685556065
178,0.409920465474
177,0.410155374883
176,0.410390284292
175,0.410625193701
174,0.41086010311
173,0.411095012519
172,0.411329921928
171,0.411564831337
170,0.411799740746
169,0.412034650154
168,0.412269559563
167,0.412504468972
166,0.412739378381
165,0.41297428779
164,0.413209197199
163,0.413444106608
162,0.413679016017
161,0.413913925426
160,0.414148834835
159,0.414383744244
158,0.414618653653
157,0.414853563062
156,0.415088472471
155,0.41532338188
154,0.415558291289
153,0.415793200698
152,0.416028110107
151,0.416263019516
150,0.416497928925
149,0.416732838334
148,0.416967747743
147,0.417202657152
146,0.41743756656
145,0.419896096061
144,0.420119842508
143,0.435631622599
142,0.435839669074
141,0.436047715549
140,0.436255762025
139,0.4364638085
138,0.436671854975
137,0.452317591259
136,0.452513300084
135,0.45270900891
134,0.452904717736
133,0.453100426561
132,0.453296135387
131,0.453491844213
130,0.453687553038
129,0.453883261864
128,0.45407897069
127,0.454274679515
126,0.454470388341
125,0.454666097167
124,0.454861805992
123,0.455057514818
122,0.455253223644
121,0.455448932469
120,0.455644641295
119,0.455840350121
118,0.456036058947
117,0.456231767772
116,0.456427476598
115,0.456623185424
114,0.456818894249
113,0.457014603075
112,0.457210311901
111,0.457406020726
110,0.457601729552
109,0.458250393223
108,0.458442949885
107,0.458635506547
106,0.458828063209
105,0.45902061987
104,0.459213176532
103,0.459405733194
102,0.459598289856
101,0.459790846518
100,0.45998340318
99,0.460175959842
98,0.460368516504
97,0.460561073166
96,0.460753629828
95,0.469630528978
94,0.469790237515
93,0.469949946053
92,0.47010965459
91,0.479423208773
90,0.479549590647
89,0.479675972521
88,0.479802354395
87,0.480015921517
86,0.48014152852
85,0.480267135524
84,0.480392742527
83,0.480518349531
82,0.480643956534
81,0.480769563538
80,0.480895170541
79,0.481020777545
78,0.481146384548
77,0.481271991551
76,0.481397598555
75,0.481523205558
74,0.481648812562
73,0.481774419565
72,0.481916355208
71,0.486202029353
70,0.486302291782
69,0.486402554211
68,0.491080040196
67,0.491153070835
66,0.491226101474
65,0.491299132113
64,0.491372162752
63,0.491445193392
62,0.491521271082
61,0.491594262997
60,0.491667254911
59,0.491740246826
58,0.491813238741
57,0.493781817169
56,0.493839314775
55,0.493896812381
54,0.496121125233
53,0.496160971512
52,0.496200817792
51,0.496240664072
50,0.496280510351
49,0.496320356631
48,0.496360305795
47,0.497238066573
46,0.497269271817
45,0.498304874328
44,0.498325766954
43,0.498346678342
42,0.498367570621
41,0.498388462899
40,0.49877562637
39,0.49925429816
38,0.499264953461
37,0.499275608762
36,0.49928626469
35,0.49945638222
34,0.499674483618
33,0.499679809549
32,0.499685135363
31,0.499759425079
30,0.499858133077
29,0.499860754647
28,0.499893213216
27,0.499937890083
26,0.499952164843
25,0.49995317453
24,0.499973131186
23,0.499979232421
22,0.499990628359
21,0.499994742304
20,0.499995900688
19,0.49999816819
18,0.499998994542
17,0.499999556873
16,0.499999805424
15,0.4999999297
14,0.499999969179
13,0.499999993885
12,0.499999997344
11,0.499999999519
10,0.499999999954
9,0.499999999996
8,0.5
7,0.5
6,0.5
1,0.5
2,0.5
3,0.5
4,0.5
5,0.5
