300,1,0.00117049297405
300,50,0.0585246487024
300,100,0.117049297405
300,150,0.175573946107
300,200,0.233970599167
300,250,0.292359082292
300,300,0.323256102212
299,1,0.00117440766627
299,50,0.0587203833134
299,100,0.117440766627
299,150,0.17616114994
299,200,0.234753109532
299,250,0.293336871865
299,300,0.324126561486
298,1,0.00117834863159
298,50,0.0589174315796
298,100,0.117834863159
298,150,0.176752294739
298,200,0.235540871644
298,250,0.294321223784
298,300,0.325002286262
297,1,0.0011823161354
297,50,0.0591158067701
297,100,0.11823161354
297,150,0.17734742031
297,200,0.236333938552
297,250,0.295312204335
297,300,0.325883329725
296,1,0.00118631044667
296,50,0.0593155223335
296,100,0.118631044667
296,150,0.177946567
296,200,0.23713236402
296,250,0.296309880701
296,300,0.326769745782
295,1,0.00119033183801
295,50,0.0595165919007
295,100,0.119033183801
295,150,0.178549775702
295,200,0.237936202542
295,250,0.297314320975
295,300,0.327661589069
294,1,0.00119438058576
294,50,0.0597190292881
294,100,0.119438058576
294,150,0.179157087864
294,200,0.238745509354
294,250,0.298325594175
294,300,0.328558914965
293,1,0.00119845697001
293,50,0.0599228485007
293,100,0.119845697001
293,150,0.179768545502
293,200,0.239560340444
293,250,0.299343770265
293,300,0.329461779608
292,1,0.00120256127471
292,50,0.0601280637353
292,100,0.120256127471
292,150,0.180384191206
292,200,0.240380752569
292,250,0.300368920163
292,300,0.330370239901
291,1,0.00120669378768
291,50,0.0603346893839
291,100,0.120669378768
291,150,0.181004068152
291,200,0.241206803265
291,250,0.301401115765
291,300,0.331284353532
290,1,0.00121085480074
290,50,0.0605427400369
290,100,0.121085480074
290,150,0.181628220111
290,200,0.242038550862
290,250,0.302440429957
290,300,0.332204178984
289,1,0.00121504460974
289,50,0.0607522304869
289,100,0.121504460974
289,150,0.182256691461
289,200,0.242876054498
289,250,0.303486936635
289,300,0.333129775548
288,1,0.00121926351463
288,50,0.0609631757316
288,100,0.121926351463
288,150,0.182889527195
288,200,0.243719374132
288,250,0.304540710721
288,300,0.334061203342
287,1,0.00122351181956
287,50,0.0611755909781
287,100,0.122351181956
287,150,0.183526772934
287,200,0.244568570558
287,250,0.30560182818
287,300,0.334998523317
286,1,0.00122778983292
286,50,0.0613894916458
286,100,0.122778983292
286,150,0.184168474938
286,200,0.24542370542
286,250,0.30667036604
286,300,0.335941797282
285,1,0.00123209786742
285,50,0.0616048933709
285,100,0.123209786742
285,150,0.184814680113
285,200,0.246284841228
285,250,0.307746402412
285,300,0.33670919754
284,1,0.00123643624019
284,50,0.0618218120095
284,100,0.123643624019
284,150,0.185465436029
284,200,0.247152041373
284,250,0.308830016505
284,300,0.337480690875
283,1,0.00124080527284
283,50,0.0620402636421
283,100,0.124080527284
283,150,0.186120790926
283,200,0.248025370141
283,250,0.309921288649
283,300,0.338256320678
282,1,0.00124520529154
282,50,0.062260264577
282,100,0.124520529154
282,150,0.186780793731
282,200,0.248904892731
282,250,0.31102030031
282,300,0.339036130953
281,1,0.0012496366271
281,50,0.0624818313548
281,100,0.12496366271
281,150,0.187445494065
281,200,0.249790675267
281,250,0.312127134119
281,300,0.339820166332
280,1,0.00125409961505
280,50,0.0627049807525
280,100,0.125409961505
280,150,0.188114942258
280,200,0.250682784822
280,250,0.313241873884
280,300,0.340608472083
279,1,0.00125859459575
279,50,0.0629297297875
279,100,0.125859459575
279,150,0.188789189362
279,200,0.251581289427
279,250,0.314364604615
279,300,0.341401094124
278,1,0.00126312191444
278,50,0.063156095722
278,100,0.126312191444
278,150,0.189468287166
278,200,0.252486258094
278,250,0.315495412545
278,300,0.342198079035
277,1,0.00126768192135
277,50,0.0633840960675
277,100,0.126768192135
277,150,0.190152288203
277,200,0.25339776083
277,250,0.316634385154
277,300,0.342999474066
276,1,0.00127227497179
276,50,0.0636137485895
276,100,0.127227497179
276,150,0.190841245769
276,200,0.25431586866
276,250,0.317781611187
276,300,0.343805327154
275,1,0.00127690142623
275,50,0.0638450713117
275,100,0.127690142623
275,150,0.191535213935
275,200,0.255240653636
275,250,0.318937180682
275,300,0.344615686931
274,1,0.00128156165042
274,50,0.0640780825208
274,100,0.128156165042
274,150,0.192234247563
274,200,0.256172188869
274,250,0.320101184991
274,300,0.345430602742
273,1,0.00128625601544
273,50,0.0643128007718
273,100,0.128625601544
273,150,0.192938402315
273,200,0.257110548535
273,250,0.321273716804
273,300,0.346161890222
272,1,0.00129098489785
272,50,0.0645492448923
272,100,0.129098489785
272,150,0.193647734677
272,200,0.258055807905
272,250,0.322454870175
272,300,0.346896360122
271,1,0.00129574867976
271,50,0.0647874339879
271,100,0.129574867976
271,150,0.194362301964
271,200,0.259008043358
271,250,0.323644740544
271,300,0.347634047674
270,1,0.00130054774894
270,50,0.0650273874471
270,100,0.130054774894
270,150,0.195082162341
270,200,0.259967332408
270,250,0.324843424769
270,300,0.348374988628
269,1,0.00130538249894
269,50,0.0652691249469
269,100,0.130538249894
269,150,0.195807374841
269,200,0.260933753718
269,250,0.326051021143
269,300,0.349119219268
268,1,0.00131025332916
268,50,0.0655126664579
268,100,0.131025332916
268,150,0.196537999374
268,200,0.261907387127
268,250,0.327267629431
268,300,0.349866776419
267,1,0.001315160645
267,50,0.0657580322498
267,100,0.1315160645
267,150,0.19727409675
267,200,0.262888313671
267,250,0.32849335089
267,300,0.350617697458
266,1,0.00132010485795
266,50,0.0660052428974
266,100,0.132010485795
266,150,0.198015728692
266,200,0.263876615602
266,250,0.329728288299
266,300,0.351372020322
265,1,0.00132508638571
265,50,0.0662543192857
265,100,0.132508638571
265,150,0.198762957857
265,200,0.264872376415
265,250,0.330972545991
265,300,0.352129783523
264,1,0.00133010565233
264,50,0.0665052826163
264,100,0.133010565233
264,150,0.199515847849
264,200,0.265875680871
264,250,0.332226229877
264,300,0.352891026156
263,1,0.00133516308827
263,50,0.0667581544133
263,100,0.133516308827
263,150,0.20027446324
263,200,0.266886615019
263,250,0.333489447481
263,300,0.353655787911
262,1,0.00134025913059
262,50,0.0670129565294
262,100,0.134025913059
262,150,0.201038869588
262,200,0.267905266221
262,250,0.334762307968
262,300,0.354424109081
261,1,0.00134539422304
261,50,0.0672697111521
261,100,0.134539422304
261,150,0.201809133456
261,200,0.26893172318
261,250,0.336044922174
261,300,0.355196030582
260,1,0.00135056881621
260,50,0.0675284408104
260,100,0.135056881621
260,150,0.202585322431
260,200,0.269966075962
260,250,0.337337402644
260,300,0.355971593953
259,1,0.00135578336762
259,50,0.0677891683811
259,100,0.135578336762
259,150,0.203367505143
259,200,0.271008416023
259,250,0.338639863658
259,300,0.35675084138
258,1,0.00136103834192
258,50,0.0680519170958
258,100,0.136103834192
258,150,0.204155751287
258,200,0.27205883624
258,250,0.33995242127
258,300,0.357533815701
257,1,0.00136633421095
257,50,0.0683167105475
257,100,0.136633421095
257,150,0.204950131643
257,200,0.273117430934
257,250,0.341275193337
257,300,0.358320560419
256,1,0.00137167145396
256,50,0.0685835726981
256,100,0.137167145396
256,150,0.205750718094
256,200,0.274184295899
256,250,0.342608299561
256,300,0.359111119719
255,1,0.0013770505577
255,50,0.0688525278851
255,100,0.13770505577
255,150,0.206557583655
255,200,0.275259528431
255,250,0.34395186152
255,300,0.359905538479
254,1,0.00138247201659
254,50,0.0691236008296
254,100,0.138247201659
254,150,0.207370802489
254,200,0.276343227362
254,250,0.345306002707
254,300,0.360211736299
253,1,0.00138793633286
253,50,0.0693968166431
253,100,0.138793633286
253,150,0.208190449929
253,200,0.277435493083
253,250,0.346670848567
253,300,0.360517995143
252,1,0.00139344401672
252,50,0.0696722008361
252,100,0.139344401672
252,150,0.209016602508
252,200,0.278536427579
252,250,0.348046526538
252,300,0.360824315739
251,1,0.00139899558651
251,50,0.0699497793255
251,100,0.139899558651
251,150,0.209849337977
251,200,0.279646134462
251,250,0.349433166086
251,300,0.361130698823
250,1,0.00140459156886
250,50,0.0702295784428
250,100,0.140459156886
250,150,0.210688735329
250,200,0.280764719
250,250,0.35083089875
250,300,0.361437050195
249,1,0.00141023249885
249,50,0.0705116249426
249,100,0.141023249885
249,150,0.211534874828
249,200,0.281892288153
249,250,0.351179690728
249,300,0.361743417567
248,1,0.00141591892022
248,50,0.0707959460109
248,100,0.141591892022
248,150,0.212387838033
248,200,0.283028950605
248,250,0.3515284989
248,300,0.362049801133
247,1,0.00142165138548
247,50,0.0710825692741
247,100,0.142165138548
247,150,0.213247707822
247,200,0.284174816802
247,250,0.351877323462
247,300,0.36235620109
246,1,0.00142743045616
246,50,0.0713715228078
246,100,0.142743045616
246,150,0.214114568423
246,200,0.285329998984
246,250,0.352226164614
246,300,0.362662617636
245,1,0.00143325670292
245,50,0.0716628351458
245,100,0.143325670292
245,150,0.214988505437
245,200,0.286494611225
245,250,0.35257502256
245,300,0.362969050977
244,1,0.0014391307058
244,50,0.0719565352898
244,100,0.14391307058
244,150,0.215869605869
244,200,0.287668769467
244,250,0.352923897506
244,300,0.363275501317
243,1,0.00144505305438
243,50,0.072252652719
243,100,0.144505305438
243,150,0.216757958157
243,200,0.288852591564
243,250,0.353272789662
243,300,0.363581968867
242,1,0.00145102434799
242,50,0.0725512173996
242,100,0.145102434799
242,150,0.217653652199
242,200,0.290046197314
242,250,0.353621699241
242,300,0.36388845384
241,1,0.00145704519591
241,50,0.0728522597955
241,100,0.145704519591
241,150,0.218556779386
241,200,0.291249708506
241,250,0.353970626461
241,300,0.364194956454
240,1,0.00146311621756
240,50,0.073155810878
240,100,0.146311621756
240,150,0.219467432634
240,200,0.292463248958
240,250,0.354319571541
240,300,0.364501476928
239,1,0.00146923804274
239,50,0.0734619021369
239,100,0.146923804274
239,150,0.220385706411
239,200,0.293686944561
239,250,0.354668534705
239,300,0.364808015487
238,1,0.00147541131182
238,50,0.0737705655912
238,100,0.147541131182
238,150,0.221311696774
238,200,0.294920923319
238,250,0.355017516183
238,300,0.365114572358
237,1,0.00148163667601
237,50,0.0740818338005
237,100,0.148163667601
237,150,0.222245501401
237,200,0.296165315401
237,250,0.355366516205
237,300,0.365421147775
236,1,0.00148791479752
236,50,0.0743957398759
236,100,0.148791479752
236,150,0.223187219628
236,200,0.297420253178
236,250,0.355715535007
236,300,0.365727741971
235,1,0.00149424634985
235,50,0.0747123174924
235,100,0.149424634985
235,150,0.224136952477
235,200,0.298685871277
235,250,0.356064572829
235,300,0.366034355188
234,1,0.00150063201801
234,50,0.0750316009005
234,100,0.150063201801
234,150,0.225094802701
234,200,0.299962306624
234,250,0.356413629916
234,300,0.366340987668
233,1,0.00150707249877
233,50,0.0753536249387
233,100,0.150707249877
233,150,0.226060874816
233,200,0.301249698498
233,250,0.356762706514
233,300,0.366647639661
232,1,0.00151356850092
232,50,0.0756784250462
232,100,0.151356850092
232,150,0.227035275138
232,200,0.302548188578
232,250,0.357111802876
232,300,0.366954311417
231,1,0.00152012074552
231,50,0.0760060372758
231,100,0.152012074552
231,150,0.228018111827
231,200,0.303857920996
231,250,0.35746091926
231,300,0.367261003195
230,1,0.00152672996615
230,50,0.0763364983074
230,100,0.152672996615
230,150,0.229009494922
230,200,0.305179042391
230,250,0.357810055925
230,300,0.367567715255
229,1,0.00153339690923
229,50,0.0766698454616
229,100,0.153339690923
229,150,0.230009536385
229,200,0.306511701965
229,250,0.358159213138
229,300,0.367874447862
228,1,0.00154012233427
228,50,0.0770061167136
228,100,0.154012233427
228,150,0.231018350141
228,200,0.307856051535
228,250,0.35850839117
228,300,0.368181201288
227,1,0.00154690701416
227,50,0.077345350708
227,100,0.154690701416
227,150,0.232036052124
227,200,0.309212245595
227,250,0.358857590294
227,300,0.368487975807
226,1,0.00155375173546
226,50,0.077687586773
226,100,0.155375173546
226,150,0.233062760319
226,200,0.310580441372
226,250,0.359206810792
226,300,0.368794771699
225,1,0.00156065729873
225,50,0.0780328649365
225,100,0.156065729873
225,150,0.234098594809
225,200,0.311960798889
225,250,0.359556052948
225,300,0.369101589249
224,1,0.00156762451881
224,50,0.0783812259407
224,100,0.156762451881
224,150,0.235143677822
224,200,0.313353481027
224,250,0.359905317053
224,300,0.369408428748
223,1,0.00157465422518
223,50,0.0787327112588
223,100,0.157465422518
223,150,0.236198133776
223,200,0.314758653588
223,250,0.360254603401
223,300,0.36971529049
222,1,0.00158174726223
222,50,0.0790873631113
222,100,0.158174726223
222,150,0.237262089334
222,200,0.31617648536
222,250,0.360603912293
222,300,0.370022174776
221,1,0.00158890448966
221,50,0.0794452244828
221,100,0.158890448966
221,150,0.238335673449
221,200,0.31760714819
221,250,0.360953244035
221,300,0.370329081913
220,1,0.00159612678279
220,50,0.0798063391396
220,100,0.159612678279
220,150,0.239419017419
220,200,0.319050817046
220,250,0.36130259894
220,300,0.370636012211
219,1,0.00160341503294
219,50,0.0801707516471
219,100,0.160341503294
219,150,0.240512254941
219,200,0.320507670091
219,250,0.361651977323
219,300,0.370942965989
218,1,0.00161077014777
218,50,0.0805385073886
218,100,0.161077014777
218,150,0.241615522166
218,200,0.321977888762
218,250,0.362001379508
218,300,0.371249943568
217,1,0.00161819305168
217,50,0.0809096525839
217,100,0.161819305168
217,150,0.242728957752
217,200,0.323461657834
217,250,0.362350805825
217,300,0.371556945279
216,1,0.00162568468618
216,50,0.0812842343088
216,100,0.162568468618
216,150,0.243852702927
216,200,0.324959165509
216,250,0.362700256608
216,300,0.371863971457
215,1,0.0016332460103
215,50,0.0816623005149
215,100,0.16332460103
215,150,0.244986901545
215,200,0.326470603488
215,250,0.363049732199
215,300,0.372171022442
214,1,0.001640878001
214,50,0.08204390005
214,100,0.1640878001
214,150,0.24613170015
214,200,0.327996167056
214,250,0.363399232945
214,300,0.372478098582
213,1,0.00164858165359
213,50,0.0824290826794
213,100,0.164858165359
213,150,0.247287248038
213,200,0.329536055164
213,250,0.363748759201
213,300,0.372785200233
212,1,0.00165635798214
212,50,0.0828178991071
212,100,0.165635798214
212,150,0.248453697321
212,200,0.331090470519
212,250,0.364098311329
212,300,0.373092327754
211,1,0.00166420801997
211,50,0.0832104009986
211,100,0.166420801997
211,150,0.249631202996
211,200,0.332659619668
211,250,0.364447889694
211,300,0.373399481514
210,1,0.00167213282007
210,50,0.0836066410034
210,100,0.167213282007
210,150,0.25081992301
210,200,0.334243713095
210,250,0.364797494674
210,300,0.373706661888
209,1,0.00168013345557
209,50,0.0840066727785
209,100,0.168013345557
209,150,0.252020018336
209,200,0.335842965311
209,250,0.365147126649
209,300,0.374013869257
208,1,0.00168821102026
208,50,0.084410551013
208,100,0.168821102026
208,150,0.253231653039
208,200,0.337457594952
208,250,0.365496786008
208,300,0.374321104011
207,1,0.00169636662905
207,50,0.0848183314527
207,100,0.169636662905
207,150,0.254454994358
207,200,0.339087824879
207,250,0.36584647315
207,300,0.374628366547
206,1,0.00170460141852
206,50,0.0852300709258
206,100,0.170460141852
206,150,0.255690212777
206,200,0.340733882282
206,250,0.366196188478
206,300,0.374935657269
205,1,0.00171291654739
205,50,0.0856458273693
205,100,0.171291654739
205,150,0.256937482108
205,200,0.342395998781
205,250,0.366545932405
205,300,0.37524297659
204,1,0.00172131319713
204,50,0.0860656598564
204,100,0.172131319713
204,150,0.258196979569
204,200,0.344074410539
204,250,0.366895705351
204,300,0.37555032493
203,1,0.00172979257248
203,50,0.0864896286242
203,100,0.172979257248
203,150,0.259468885873
203,200,0.345769358375
203,250,0.367245507745
203,300,0.375857702719
202,1,0.00173835590205
202,50,0.0869177951025
202,100,0.173835590205
202,150,0.260753385308
202,200,0.347481087871
202,250,0.367595340025
202,300,0.376165110393
201,1,0.00174700443888
201,50,0.0873502219438
201,100,0.174700443888
201,150,0.262050665831
201,200,0.349209849503
201,250,0.367945202637
201,300,0.376472548399
200,1,0.00175573946107
200,50,0.0877869730535
200,100,0.175573946107
200,150,0.263360919161
200,200,0.35095589875
200,250,0.368295096036
200,300,0.376780017192
199,1,0.00176456227243
199,50,0.0882281136217
199,100,0.176456227243
199,150,0.264684340865
199,200,0.351392519386
199,250,0.368645020685
199,300,0.377087517235
198,1,0.0017734742031
198,50,0.0886737101551
198,100,0.17734742031
198,150,0.266021130465
198,200,0.351829171746
198,250,0.368994977058
198,300,0.377395049003
197,1,0.00178247661022
197,50,0.0891238305112
197,100,0.178247661022
197,150,0.267371491534
197,200,0.352265856313
197,250,0.369344965639
197,300,0.377702612978
196,1,0.00179157087864
196,50,0.0895785439322
196,100,0.179157087864
196,150,0.268735631797
196,200,0.352702573581
196,250,0.369694986921
196,300,0.378010209653
195,1,0.00180075842161
195,50,0.0900379210806
195,100,0.180075842161
195,150,0.270113763242
195,200,0.353139324052
195,250,0.370045041405
195,300,0.378317839532
194,1,0.00181004068152
194,50,0.0905020340758
194,100,0.181004068152
194,150,0.271506102227
194,200,0.35357610824
194,250,0.370395129607
194,300,0.378625503128
193,1,0.00181941913064
193,50,0.0909709565322
193,100,0.181941913064
193,150,0.272912869597
193,200,0.354012926669
193,250,0.370745252049
193,300,0.378933200965
192,1,0.00182889527195
192,50,0.0914447635974
192,100,0.182889527195
192,150,0.274334290792
192,200,0.354449779874
192,250,0.371095409268
192,300,0.379240933578
191,1,0.00183847063986
191,50,0.0919235319932
191,100,0.183847063986
191,150,0.27577059598
191,200,0.354886668401
191,250,0.371445601809
191,300,0.379548701513
190,1,0.00184814680113
190,50,0.0924073400564
190,100,0.184814680113
190,150,0.277222020169
190,200,0.355323592808
190,250,0.37179583023
190,300,0.379856505328
189,1,0.00185792535563
189,50,0.0928962677815
189,100,0.185792535563
189,150,0.278688803345
189,200,0.355760553665
189,250,0.3721460951
189,300,0.380164345592
188,1,0.00186780793731
188,50,0.0933903968655
188,100,0.186780793731
188,150,0.280171190596
188,200,0.356197551553
188,250,0.372496397001
188,300,0.380472222888
187,1,0.00187779621505
187,50,0.0938898107525
187,100,0.187779621505
187,150,0.281669432257
187,200,0.356634587066
187,250,0.372846736528
187,300,0.380780137809
186,1,0.00188789189362
186,50,0.0943945946812
186,100,0.188789189362
186,150,0.283183784044
186,200,0.357071660811
186,250,0.373197114286
186,300,0.381088090961
185,1,0.00189809671467
185,50,0.0949048357336
185,100,0.189809671467
185,150,0.284714507201
185,200,0.357508773408
185,250,0.373547530897
185,300,0.381396082966
184,1,0.00190841245769
184,50,0.0954206228843
184,100,0.190841245769
184,150,0.286261868653
184,200,0.35794592549
184,250,0.373897986993
184,300,0.381704114457
183,1,0.00191884094106
183,50,0.0959420470531
183,100,0.191884094106
183,150,0.287826141159
183,200,0.358383117706
183,250,0.374248483222
183,300,0.38201218608
182,1,0.00192938402315
182,50,0.0964692011577
182,100,0.192938402315
182,150,0.289407603473
182,200,0.358820350715
182,250,0.374599020245
182,300,0.382320298497
181,1,0.00194004360339
181,50,0.0970021801697
181,100,0.194004360339
181,150,0.291006540509
181,200,0.359257625196
181,250,0.374949598739
181,300,0.382628452385
180,1,0.00195082162341
180,50,0.0975410811706
180,100,0.195082162341
180,150,0.292623243512
180,200,0.359694941837
180,250,0.375300219394
180,300,0.382936648435
179,1,0.00196172006824
179,50,0.0980860034118
179,100,0.196172006824
179,150,0.294258010235
179,200,0.360132301347
179,250,0.375650882918
179,300,0.383244887353
178,1,0.0019727409675
178,50,0.0986370483748
178,100,0.19727409675
178,150,0.295911145124
178,200,0.360569704448
178,250,0.376001590032
178,300,0.383553169861
177,1,0.00198388639669
177,50,0.0991943198345
177,100,0.198388639669
177,150,0.297582959504
177,200,0.361007151879
177,250,0.376352341476
177,300,0.383861496699
176,1,0.00199515847849
176,50,0.0997579239245
176,100,0.199515847849
176,150,0.299273771773
176,200,0.361444644394
176,250,0.376703138005
176,300,0.384169868623
175,1,0.00200655938408
175,50,0.100327969204
175,100,0.200655938408
175,150,0.300983907612
175,200,0.361882182768
175,250,0.377053980393
175,300,0.384478286404
174,1,0.00201809133456
174,50,0.100904566728
174,100,0.201809133456
174,150,0.302713700185
174,200,0.36231976779
174,250,0.377404869429
174,300,0.384786750834
173,1,0.00202975660239
173,50,0.10148783012
173,100,0.202975660239
173,150,0.304463490359
173,200,0.36275740027
173,250,0.377755805922
173,300,0.385095262722
172,1,0.00204155751287
172,50,0.102077875644
172,100,0.204155751287
172,150,0.306233626931
172,200,0.363195081036
172,250,0.378106790702
172,300,0.385403822896
171,1,0.0020534964457
171,50,0.102674822285
171,100,0.20534964457
171,150,0.308024466855
171,200,0.363632810934
171,250,0.378457824613
171,300,0.385712432202
170,1,0.00206557583655
170,50,0.103278791828
170,100,0.206557583655
170,150,0.309836375483
170,200,0.364070590832
170,250,0.378808908525
170,300,0.386021091507
169,1,0.00207779817878
169,50,0.103889908939
169,100,0.207779817878
169,150,0.311669726817
169,200,0.364508421617
169,250,0.379160043323
169,300,0.3863298017
168,1,0.00209016602508
168,50,0.104508301254
168,100,0.209016602508
168,150,0.313524903763
168,200,0.364946304198
168,250,0.379511229917
168,300,0.386638563689
167,1,0.00210268198931
167,50,0.105134099465
167,100,0.210268198931
167,150,0.315402298396
167,200,0.365384239505
167,250,0.379862469238
167,300,0.386947378403
166,1,0.00211534874828
166,50,0.105767437414
166,100,0.211534874828
166,150,0.317302312242
166,200,0.365822228491
166,250,0.380213762238
166,300,0.387256246798
165,1,0.00212816904372
165,50,0.106408452186
165,100,0.212816904372
165,150,0.319225356558
165,200,0.366260272133
165,250,0.380565109893
165,300,0.387565169847
164,1,0.00214114568423
164,50,0.107057284212
164,100,0.214114568423
164,150,0.321171852635
164,200,0.366698371429
164,250,0.380916513203
164,300,0.387874148551
163,1,0.00215428154733
163,50,0.107714077366
163,100,0.215428154733
163,150,0.323142232099
163,200,0.367136527405
163,250,0.381267973193
163,300,0.388183183935
162,1,0.00216757958157
162,50,0.108378979078
162,100,0.216757958157
162,150,0.325136937235
162,200,0.36757474111
162,250,0.381619490911
162,300,0.388492277047
161,1,0.00218104280878
161,50,0.109052140439
161,100,0.218104280878
161,150,0.327156421318
161,200,0.368013013619
161,250,0.381971067434
161,300,0.388801428965
160,1,0.00219467432634
160,50,0.109733716317
160,100,0.219467432634
160,150,0.329201148951
160,200,0.368451346036
160,250,0.382322703864
160,300,0.389110640789
159,1,0.00220847730952
159,50,0.110423865476
159,100,0.220847730952
159,150,0.331271596428
159,200,0.36888973949
159,250,0.382674401332
159,300,0.389419913651
158,1,0.00222245501401
158,50,0.111122750701
158,100,0.222245501401
158,150,0.333368252102
158,200,0.36932819514
158,250,0.383026160996
158,300,0.389729248709
157,1,0.00223661077843
157,50,0.111830538922
157,100,0.223661077843
157,150,0.335491616765
157,200,0.369766714176
157,250,0.383377984045
157,300,0.390038647153
156,1,0.00225094802701
156,50,0.112547401351
156,100,0.225094802701
156,150,0.337642204052
156,200,0.370205297815
156,250,0.383729871698
156,300,0.3903481102
155,1,0.00226547027235
155,50,0.113273513617
155,100,0.226547027235
155,150,0.339820540852
155,200,0.370643947309
155,250,0.384081825205
155,300,0.390657639101
154,1,0.00228018111827
154,50,0.114009055914
154,100,0.228018111827
154,150,0.342027167741
154,200,0.37108266394
154,250,0.38443384585
154,300,0.39096723514
153,1,0.00229508426284
153,50,0.114754213142
153,100,0.229508426284
153,150,0.344262639426
153,200,0.371521449025
153,250,0.384785934948
153,300,0.391276899632
152,1,0.00231018350141
152,50,0.11550917507
152,100,0.231018350141
152,150,0.346527525211
152,200,0.371960233883
152,250,0.38513802382
152,300,0.391586563898
151,1,0.0023254827299
151,50,0.116274136495
151,100,0.23254827299
151,150,0.348822409484
151,200,0.37239901874
151,250,0.385490112691
151,300,0.391896228164
150,1,0.00234098594809
150,50,0.117049297405
150,100,0.234098594809
150,150,0.351147892214
150,200,0.372837803598
150,250,0.385842201562
150,300,0.405090837106
149,1,0.00235669726318
149,50,0.117834863159
149,100,0.235669726318
149,150,0.351731276481
149,200,0.373276588456
149,250,0.386194290434
149,300,0.405364529673
148,1,0.00237262089334
148,50,0.118631044667
148,100,0.237262089334
148,150,0.352314660748
148,200,0.373715373314
148,250,0.386546379305
148,300,0.405638222239
147,1,0.00238876117153
147,50,0.119438058576
147,100,0.238876117153
147,150,0.352898045015
147,200,0.374154158172
147,250,0.386898468177
147,300,0.405911914806
146,1,0.00240512254941
146,50,0.120256127471
146,100,0.240512254941
146,150,0.353481429283
146,200,0.37459294303
146,250,0.387250557048
146,300,0.406185607373
145,1,0.00242170960148
145,50,0.121085480074
145,100,0.242170960148
145,150,0.35406481355
145,200,0.375031727888
145,250,0.38760264592
145,300,0.406459299939
144,1,0.00243852702927
144,50,0.121926351463
144,100,0.243852702927
144,150,0.354648197817
144,200,0.375470512746
144,250,0.387954734791
144,300,0.406732992506
143,1,0.00245557966583
143,50,0.122778983292
143,100,0.245557966583
143,150,0.355231582084
143,200,0.375909297603
143,250,0.388306823663
143,300,0.421347239623
142,1,0.00247287248038
142,50,0.123643624019
142,100,0.247287248038
142,150,0.355814966351
142,200,0.376348082461
142,250,0.388658912534
142,300,0.421592179549
141,1,0.00249041058308
141,50,0.124520529154
141,100,0.249041058308
141,150,0.356398350618
141,200,0.376786867319
141,250,0.389011001405
141,300,0.421837119476
140,1,0.0025081992301
140,50,0.125409961505
140,100,0.25081992301
140,150,0.356981734885
140,200,0.377225652177
140,250,0.389363090277
140,300,0.422082059402
139,1,0.00252624382888
139,50,0.126312191444
139,100,0.252624382888
139,150,0.357565119152
139,200,0.377664437035
139,250,0.389715179148
139,300,0.422326999329
138,1,0.00254454994358
138,50,0.127227497179
138,100,0.254454994358
138,150,0.358148503419
138,200,0.378103221893
138,250,0.39006726802
138,300,0.422571939255
137,1,0.00256312330083
137,50,0.128156165042
137,100,0.256312330083
137,150,0.358731887686
137,200,0.378542006751
137,250,0.390419356891
137,300,0.438201289646
136,1,0.00258196979569
136,50,0.129098489785
136,100,0.258196979569
136,150,0.359315271954
136,200,0.378980791608
136,250,0.390771445763
136,300,0.438460163984
135,1,0.00260109549788
135,50,0.130054774894
135,100,0.260109549788
135,150,0.359898656221
135,200,0.379419576466
135,250,0.391123534634
135,300,0.438719038323
134,1,0.00262050665831
134,50,0.131025332916
134,100,0.262050665831
134,150,0.360482040488
134,200,0.379858361324
134,250,0.391475623506
134,300,0.438977912661
133,1,0.0026402097159
133,50,0.132010485795
133,100,0.26402097159
133,150,0.361065424755
133,200,0.380297146182
133,250,0.391827712377
133,300,0.439236787
132,1,0.00266021130465
132,50,0.133010565233
132,100,0.266021130465
132,150,0.361648809022
132,200,0.38073593104
132,250,0.392179801248
132,300,0.439495661338
131,1,0.00268051826118
131,50,0.134025913059
131,100,0.268051826118
131,150,0.362232193289
131,200,0.381174715898
131,250,0.39253189012
131,300,0.439754535677
130,1,0.00270113763242
130,50,0.135056881621
130,100,0.270113763242
130,150,0.362815577556
130,200,0.381613500756
130,250,0.392883978991
130,300,0.440013410015
129,1,0.00272207668383
129,50,0.136103834192
129,100,0.272207668383
129,150,0.363398961823
129,200,0.382052285614
129,250,0.393236067863
129,300,0.440272284353
128,1,0.00274334290792
128,50,0.137167145396
128,100,0.274334290792
128,150,0.36398234609
128,200,0.382491070471
128,250,0.393588156734
128,300,0.440531158692
127,1,0.00276494403318
127,50,0.138247201659
127,100,0.276494403318
127,150,0.364565730357
127,200,0.382929855329
127,250,0.393940245606
127,300,0.44079003303
126,1,0.00278688803345
126,50,0.139344401672
126,100,0.278688803345
126,150,0.365149114625
126,200,0.383368640187
126,250,0.394292334477
126,300,0.441048907369
125,1,0.00280918313771
125,50,0.140459156886
125,100,0.280918313771
125,150,0.365732498892
125,200,0.383807425045
125,250,0.437992416562
125,300,0.442048735509
124,1,0.00283183784044
124,50,0.141591892022
124,100,0.283183784044
124,150,0.366315883159
124,200,0.384246209903
124,250,0.438289482011
124,300,0.442313350406
123,1,0.00285486091231
123,50,0.142743045616
123,100,0.285486091231
123,150,0.366899267426
123,200,0.384684994761
123,250,0.438586547459
123,300,0.442577965303
122,1,0.00287826141159
122,50,0.14391307058
122,100,0.287826141159
122,150,0.367482651693
122,200,0.385123779619
122,250,0.438883612908
122,300,0.4428425802
121,1,0.00290204869598
121,50,0.145102434799
121,100,0.290204869598
121,150,0.36806603596
121,200,0.385562564477
121,250,0.439180678356
121,300,0.443107195097
120,1,0.00292623243512
120,50,0.146311621756
120,100,0.292623243512
120,150,0.368649420227
120,200,0.386001349334
120,250,0.439477743805
120,300,0.443371809994
119,1,0.00295082262365
119,50,0.147541131182
119,100,0.295082262365
119,150,0.369232804494
119,200,0.386440134192
119,250,0.439774809254
119,300,0.443636424891
118,1,0.00297582959504
118,50,0.148791479752
118,100,0.297582959504
118,150,0.369816188761
118,200,0.38687891905
118,250,0.440071874702
118,300,0.443901039788
117,1,0.00300126403602
117,50,0.150063201801
117,100,0.300126403602
117,150,0.370399573028
117,200,0.387317703908
117,250,0.440368940151
117,300,0.444165654685
116,1,0.00302713700185
116,50,0.151356850092
116,100,0.302713700185
116,150,0.370982957296
116,200,0.387756488766
116,250,0.440666005599
116,300,0.444430269582
115,1,0.0030534599323
115,50,0.152672996615
115,100,0.30534599323
115,150,0.371566341563
115,200,0.388195273624
115,250,0.440963071048
115,300,0.444694884479
114,1,0.00308024466855
114,50,0.154012233427
114,100,0.308024466855
114,150,0.37214972583
114,200,0.388634058482
114,250,0.441260136496
114,300,0.444959499376
113,1,0.00310750347092
113,50,0.155375173546
113,100,0.310750347092
113,150,0.372733110097
113,200,0.38907284334
113,250,0.441557201945
113,300,0.445224114272
112,1,0.00313524903763
112,50,0.156762451881
112,100,0.313524903763
112,150,0.373316494364
112,200,0.389511628197
112,250,0.441854267393
112,300,0.445488729169
111,1,0.00316349452445
111,50,0.158174726223
111,100,0.316349452445
111,150,0.373899878631
111,200,0.389950413055
111,250,0.442151332842
111,300,0.445753344066
110,1,0.00319225356558
110,50,0.159612678279
110,100,0.319225356558
110,150,0.374483262898
110,200,0.390389197913
110,250,0.44244839829
110,300,0.446017958963
109,1,0.00322154029554
109,50,0.161077014777
109,100,0.322154029554
109,150,0.375066647165
109,200,0.390827982771
109,250,0.442745463739
109,300,0.44628257386
108,1,0.00325136937235
108,50,0.162568468618
108,100,0.325136937235
108,150,0.375650031432
108,200,0.391266767629
108,250,0.443042529187
108,300,0.446547188757
107,1,0.003281756002
107,50,0.1640878001
107,100,0.3281756002
107,150,0.376233415699
107,200,0.391705552487
107,250,0.443339594636
107,300,0.446811803654
106,1,0.00331271596428
106,50,0.165635798214
106,100,0.331271596428
106,150,0.376816799967
106,200,0.392144337345
106,250,0.443636660084
106,300,0.447076418551
105,1,0.00334426564014
105,50,0.167213282007
105,100,0.334426564014
105,150,0.377400184234
105,200,0.392583122203
105,250,0.443933725533
105,300,0.447341033448
104,1,0.00337642204052
104,50,0.168821102026
104,100,0.337642204052
104,150,0.377983568501
104,200,0.39302190706
104,250,0.444230790981
104,300,0.447605648345
103,1,0.00340920283703
103,50,0.170460141852
103,100,0.340920283703
103,150,0.378566952768
103,200,0.393460691918
103,250,0.44452785643
103,300,0.447870263242
102,1,0.00344262639426
102,50,0.172131319713
102,100,0.344262639426
102,150,0.379150337035
102,200,0.393899476776
102,250,0.444824921879
102,300,0.448134878139
101,1,0.0034767118041
101,50,0.173835590205
101,100,0.34767118041
101,150,0.379733721302
101,200,0.394338261634
101,250,0.445121987327
101,300,0.448399493036
100,1,0.00351147892214
100,50,0.175573946107
100,100,0.351147892214
100,150,0.380317105569
100,200,0.438125039706
100,250,0.445419052776
100,300,0.453656901141
99,1,0.0035469484062
99,50,0.17734742031
99,100,0.352022968615
99,150,0.380900489836
99,200,0.438495045285
99,250,0.445716118224
99,300,0.453893353028
98,1,0.00358314175729
98,50,0.179157087864
98,100,0.352898045015
98,150,0.381483874103
98,200,0.438865050864
98,250,0.446013183673
98,300,0.454129804916
97,1,0.00362008136303
97,50,0.181004068152
97,100,0.353773121416
97,150,0.38206725837
97,200,0.439235056443
97,250,0.446310249121
97,300,0.454366256803
96,1,0.0036577905439
96,50,0.182889527195
96,100,0.354648197817
96,150,0.382650642638
96,200,0.439605062023
96,250,0.44660731457
96,300,0.45460270869
95,1,0.00369629360225
95,50,0.184814680113
95,100,0.355523274217
95,150,0.383234026905
95,200,0.439975067602
95,250,0.446904380018
95,300,0.461647357126
94,1,0.00373561587462
94,50,0.186780793731
94,100,0.356398350618
94,150,0.383817411172
94,200,0.440345073181
94,250,0.447201445467
94,300,0.461850544617
93,1,0.00377578378725
93,50,0.188789189362
93,100,0.357273427019
93,150,0.384400795439
93,200,0.44071507876
93,250,0.447498510915
93,300,0.462053732107
92,1,0.00381682491537
92,50,0.190841245769
92,100,0.358148503419
92,150,0.384984179706
92,200,0.44108508434
92,250,0.447795576364
92,300,0.462256919598
91,1,0.00385876804631
91,50,0.192938402315
91,100,0.35902357982
91,150,0.385567563973
91,200,0.441455089919
91,250,0.448092641812
91,300,0.473982453783
90,1,0.00390164324682
90,50,0.195082162341
90,100,0.359898656221
90,150,0.38615094824
90,200,0.441825095498
90,250,0.448389707261
90,300,0.474165831553
89,1,0.00394548193499
89,50,0.19727409675
89,100,0.360773732621
89,150,0.386734332507
89,200,0.442195101077
89,250,0.448686772709
89,300,0.474349209324
88,1,0.00399031695698
88,50,0.199515847849
88,100,0.361648809022
88,150,0.387317716774
88,200,0.442565106656
88,250,0.448983838158
88,300,0.474532587094
87,1,0.00403618266913
87,50,0.201809133456
87,100,0.362523885423
87,150,0.387901101041
87,200,0.442935112236
87,250,0.449280903606
87,300,0.474715964865
86,1,0.00408311502575
86,50,0.204155751287
86,100,0.363398961823
86,150,0.388484485309
86,200,0.443305117815
86,250,0.449577969055
86,300,0.474899342635
85,1,0.00413115167311
85,50,0.206557583655
85,100,0.364274038224
85,150,0.389067869576
85,200,0.443675123394
85,250,0.449875034504
85,300,0.475082720406
84,1,0.00418033205017
84,50,0.209016602508
84,100,0.365149114625
84,150,0.389651253843
84,200,0.444045128973
84,250,0.450172099952
84,300,0.475266098176
83,1,0.00423069749656
83,50,0.211534874828
83,100,0.366024191025
83,150,0.39023463811
83,200,0.444415134553
83,250,0.47475323009
83,300,0.476425560019
82,1,0.00428229136847
82,50,0.214114568423
82,100,0.366899267426
82,150,0.390818022377
82,200,0.444785140132
82,250,0.474962358908
82,300,0.476614540283
81,1,0.00433515916314
81,50,0.216757958157
81,100,0.367774343827
81,150,0.391401406644
81,200,0.445155145711
81,250,0.475171487725
81,300,0.476803520548
80,1,0.00438934865268
80,50,0.219467432634
80,100,0.368649420227
80,150,0.391984790911
80,200,0.44552515129
80,250,0.475380616543
80,300,0.476992500812
79,1,0.00444491002803
79,50,0.222245501401
79,100,0.369524496628
79,150,0.392568175178
79,200,0.44589515687
79,250,0.475589745361
79,300,0.477181481076
78,1,0.00450189605403
78,50,0.225094802701
78,100,0.370399573028
78,150,0.393151559445
78,200,0.446265162449
78,250,0.475798874179
78,300,0.477370461341
77,1,0.00456036223655
77,50,0.228018111827
77,100,0.371274649429
77,150,0.393734943712
77,200,0.446635168028
77,250,0.476008002996
77,300,0.477559441605
76,1,0.00462036700282
76,50,0.231018350141
76,100,0.37214972583
76,150,0.39431832798
76,200,0.447413618216
76,250,0.476625576423
76,300,0.478156866478
75,1,0.00468197189619
75,50,0.234098594809
75,100,0.37302480223
75,150,0.438655532279
75,200,0.447788859376
75,250,0.476839940821
75,300,0.479983451498
74,1,0.00474524178668
74,50,0.237262089334
74,100,0.373899878631
74,150,0.439152551133
74,200,0.448164100535
74,250,0.477054305219
74,300,0.480164336121
73,1,0.00481024509882
73,50,0.240512254941
73,100,0.374774955032
73,150,0.439649569988
73,200,0.448539341695
73,250,0.477268669617
73,300,0.480345220743
72,1,0.00487705405853
72,50,0.243852702927
72,100,0.375650031432
72,150,0.440146588842
72,200,0.448914582854
72,250,0.477483034015
72,300,0.480526105365
71,1,0.00494574496076
71,50,0.247287248038
71,100,0.376525107833
71,150,0.440643607696
71,200,0.449289824014
71,250,0.477697398413
71,300,0.483433014201
70,1,0.0050163984602
70,50,0.25081992301
70,100,0.377400184234
70,150,0.44114062655
70,200,0.449665065173
70,250,0.477911762811
70,300,0.483593828948
69,1,0.00508909988716
69,50,0.254454994358
69,100,0.378275260634
69,150,0.441637645404
69,200,0.450040306333
69,250,0.478126127209
69,300,0.483754643695
68,1,0.00516393959138
68,50,0.258196979569
68,100,0.379150337035
68,150,0.442134664258
68,200,0.450415547492
68,250,0.478340491607
68,300,0.491191870247
67,1,0.00524101331663
67,50,0.262050665831
67,100,0.380025413436
67,150,0.442631683112
67,200,0.450790788652
67,250,0.478554856005
67,300,0.491326015348
66,1,0.00532042260931
66,50,0.266021130465
66,100,0.380900489836
66,150,0.443128701967
66,200,0.475406126185
66,250,0.478769220403
66,300,0.491460160448
65,1,0.00540227526483
65,50,0.270113763242
65,100,0.381775566237
65,150,0.443625720821
65,200,0.475671446556
65,250,0.478983584801
65,300,0.491594305549
64,1,0.00548668581585
64,50,0.274334290792
64,100,0.382650642638
64,150,0.444122739675
64,200,0.475936766927
64,250,0.4791979492
64,300,0.491728450649
63,1,0.00557377606689
63,50,0.278688803345
63,100,0.383525719038
63,150,0.444619758529
63,200,0.476202087299
63,250,0.479412313598
63,300,0.491862595749
62,1,0.00566367568087
62,50,0.283183784044
62,100,0.384400795439
62,150,0.445116777383
62,200,0.47646740767
62,250,0.492334321966
62,300,0.493081659328
61,1,0.00575652282318
61,50,0.287826141159
61,100,0.38527587184
61,150,0.445613796237
61,200,0.476732728041
61,250,0.492485987804
61,300,0.493221271338
60,1,0.00585246487024
60,50,0.292623243512
60,100,0.38615094824
60,150,0.446110815091
60,200,0.476998048412
60,250,0.492637653642
60,300,0.493866905341
59,1,0.00595165919007
59,50,0.297582959504
59,100,0.387026024641
59,150,0.446607833946
59,200,0.477263368783
59,250,0.492789319481
59,300,0.49400114738
58,1,0.00605427400369
58,50,0.302713700185
58,100,0.387901101041
58,150,0.4471048528
58,200,0.477528689154
58,250,0.492940985319
58,300,0.49413538942
57,1,0.00616048933709
57,50,0.308024466855
57,100,0.388776177442
57,150,0.447601871654
57,200,0.477794009525
57,250,0.493092651157
57,300,0.495308465028
56,1,0.00627049807525
56,50,0.313524903763
56,100,0.389651253843
56,150,0.448098890508
56,200,0.478059329896
56,250,0.493244316996
56,300,0.495432622541
55,1,0.00638450713117
55,50,0.319225356558
55,100,0.390526330243
55,150,0.448595909362
55,200,0.478324650267
55,250,0.493395982834
55,300,0.495556780053
54,1,0.00650273874471
54,50,0.325136937235
54,100,0.391401406644
54,150,0.449092928216
54,200,0.478589970638
54,250,0.493547648672
54,300,0.50003226121
53,1,0.00662543192857
53,50,0.331271596428
53,100,0.392276483045
53,150,0.449589947071
53,200,0.478855291009
53,250,0.493699314511
53,300,0.50013269746
52,1,0.00675284408104
52,50,0.337642204052
52,100,0.393151559445
52,150,0.450086965925
52,200,0.47912061138
52,250,0.493850980349
52,300,0.500233133709
51,1,0.00688525278851
51,50,0.344262639426
51,100,0.394026635846
51,150,0.450583984779
51,200,0.479923497559
51,250,0.494540211995
51,300,0.500871135767
50,1,0.00702295784428
50,50,0.351147892214
50,100,0.438655532279
50,150,0.47593194634
50,200,0.492932978095
50,250,0.501753311362
50,300,0.502270085659
49,1,0.00716628351458
49,50,0.352898045015
49,100,0.43940106056
49,150,0.476287674396
49,200,0.493125092181
49,250,0.501871520049
49,300,0.502379027309
48,1,0.0073155810878
48,50,0.354648197817
48,100,0.440146588842
48,150,0.476643402452
48,200,0.493317206267
48,250,0.501989728735
48,300,0.502487968958
47,1,0.00747123174924
47,50,0.356398350618
47,100,0.440892117123
47,150,0.476999130508
47,200,0.493509320353
47,250,0.502107937422
47,300,0.502980496611
46,1,0.00763364983074
46,50,0.358148503419
46,100,0.441637645404
46,150,0.477354858564
46,200,0.493701434439
46,250,0.502226146108
46,300,0.503084797879
45,1,0.00780328649365
45,50,0.359898656221
45,100,0.442383173685
45,150,0.47771058662
45,200,0.493893548525
45,250,0.502344354795
45,300,0.505735585353
44,1,0.00798063391396
44,50,0.361648809022
44,100,0.443128701967
44,150,0.478066314676
44,200,0.494085662611
44,250,0.502462563481
44,300,0.505821646604
43,1,0.00816623005149
43,50,0.363398961823
43,100,0.443874230248
43,150,0.478422042731
43,200,0.494277776697
43,250,0.502580772167
43,300,0.505907707856
42,1,0.00836066410034
42,50,0.365149114625
42,100,0.444619758529
42,150,0.478777770787
42,200,0.494469890784
42,250,0.502698980854
42,300,0.506038954494
41,1,0.00856458273693
41,50,0.366899267426
41,100,0.44536528681
41,150,0.479133498843
41,200,0.49466200487
41,250,0.507073095507
41,300,0.507301019192
40,1,0.00877869730535
40,50,0.368649420227
40,100,0.446110815091
40,150,0.479489226899
40,200,0.50191038557
40,250,0.507168834038
40,300,0.507531686556
39,1,0.00900379210806
39,50,0.370399573028
39,100,0.446856343373
39,150,0.479844954955
39,200,0.502054219573
39,250,0.507264572569
39,300,0.509097517829
38,1,0.00924073400564
38,50,0.37214972583
38,100,0.447601871654
38,150,0.480200683011
38,200,0.50280013715
38,250,0.507962394676
38,300,0.509775122276
37,1,0.00949048357336
37,50,0.373899878631
37,100,0.448347399935
37,150,0.493846564812
37,200,0.502949070076
37,250,0.50806323213
37,300,0.509869205934
36,1,0.00975410811706
36,50,0.375650031432
36,100,0.449092928216
36,150,0.494102996169
36,200,0.503098003002
36,250,0.508164069585
36,300,0.509949583787
35,1,0.0100327969204
35,50,0.377400184234
35,100,0.449838456498
35,150,0.494359427527
35,200,0.503246935928
35,250,0.511114353436
35,300,0.511276769583
34,1,0.0103278791828
34,50,0.379150337035
34,100,0.450583984779
34,150,0.494615858885
34,200,0.503395868854
34,250,0.511202860314
34,300,0.512207822664
33,1,0.0106408452186
33,50,0.380900489836
33,100,0.476109810368
33,150,0.494872290243
33,200,0.507806325285
33,250,0.511291367192
33,300,0.512287540597
32,1,0.0109733716317
32,50,0.382650642638
32,100,0.476643402452
32,150,0.495128721601
32,200,0.507927170517
32,250,0.51137987407
32,300,0.512363193881
31,1,0.0113273513617
31,50,0.384400795439
31,100,0.477176994536
31,150,0.495385152959
31,200,0.50804801575
31,250,0.513582519088
31,300,0.513660881257
30,1,0.0117049297405
30,50,0.38615094824
30,100,0.47771058662
30,150,0.503334525052
30,200,0.508808554063
30,250,0.514304704843
30,300,0.514863964818
29,1,0.0121085480074
29,50,0.387901101041
29,100,0.478244178703
29,150,0.503531715197
29,200,0.508934430894
29,250,0.514392229116
29,300,0.51494336668
28,1,0.0125409961505
28,50,0.389651253843
28,100,0.478777770787
28,150,0.503728905342
28,200,0.511909754123
28,250,0.514479753389
28,300,0.51502943931
27,1,0.0130054774894
27,50,0.391401406644
27,100,0.479311362871
27,150,0.503926095487
27,200,0.512020217734
27,250,0.516279176337
27,300,0.516593795214
26,1,0.0135056881621
26,50,0.393151559445
26,100,0.479844954955
26,150,0.504123285632
26,200,0.512130681345
26,250,0.516364629981
26,300,0.516676525539
25,1,0.0140459156886
25,50,0.438655532279
25,100,0.493718349133
25,150,0.509250229402
25,200,0.515018136671
25,250,0.518601826167
25,300,0.518625393511
24,1,0.0146311621756
24,50,0.440146588842
24,100,0.494102996169
24,150,0.509415033525
24,200,0.515126047465
24,250,0.518692629921
24,300,0.518869666106
23,1,0.0152672996615
23,50,0.441637645404
23,100,0.494487643206
23,150,0.509579837649
23,200,0.515233958259
23,250,0.518783433676
23,300,0.518958058071
22,1,0.0159612678279
22,50,0.443128701967
22,100,0.494872290243
22,150,0.509744641772
22,200,0.517054803041
22,250,0.520239273525
22,300,0.520341400315
21,1,0.0167213282007
21,50,0.444619758529
21,100,0.49525693728
21,150,0.513434296807
21,200,0.517837587615
21,250,0.521009436687
21,300,0.52115956726
20,1,0.0175573946107
20,50,0.446110815091
20,100,0.503334525052
20,150,0.513583546881
20,200,0.519438201573
20,250,0.522398923084
20,300,0.522458145967
19,1,0.0184814680113
19,50,0.447601871654
19,100,0.50363031027
19,150,0.513732796956
19,200,0.520232305883
19,250,0.524427858725
19,300,0.524463772796
18,1,0.0195082162341
18,50,0.449092928216
18,100,0.503926095487
18,150,0.51667666586
18,200,0.521711929792
18,250,0.524536437615
18,300,0.524587315096
17,1,0.0206557583655
17,50,0.450583984779
17,100,0.504221880705
17,150,0.516820822511
17,200,0.522518939646
17,250,0.526552287126
17,300,0.5265831932
16,1,0.0219467432634
16,50,0.476643402452
16,100,0.509415033525
16,150,0.519368532151
16,200,0.523933503045
16,250,0.527866228422
16,300,0.527885743446
15,1,0.0234098594809
15,50,0.47771058662
15,100,0.50966223971
15,150,0.521697649751
15,200,0.526000217279
15,250,0.529862468601
15,300,0.52987547814
14,1,0.025081992301
14,50,0.478777770787
14,100,0.513434296807
14,150,0.521848660452
14,200,0.527351637518
14,250,0.531159545157
14,300,0.531168814443
13,1,0.0270113763242
13,50,0.479844954955
13,100,0.513658171919
13,150,0.524063932973
13,200,0.52938706049
13,250,0.534290881994
13,300,0.534297057111
12,1,0.0292623243512
12,50,0.494102996169
12,100,0.51667666586
12,150,0.526213854484
12,200,0.53141716406
12,250,0.536268335789
12,300,0.536273659398
11,1,0.0319225356558
11,50,0.494872290243
11,100,0.519295747226
11,150,0.528329022913
11,200,0.534598334448
11,250,0.539353962702
11,300,0.539358649069
10,1,0.0351147892214
10,50,0.503334525052
10,100,0.521697649751
10,150,0.532316821321
10,200,0.538442157941
10,250,0.544177956115
10,300,0.544182410608
9,1,0.0390164324682
9,50,0.503926095487
9,100,0.523984479409
9,150,0.534393359613
9,200,0.542251337565
9,250,0.547868840046
9,300,0.547873039545
8,1,0.0438934865268
8,50,0.509415033525
8,100,0.526213854484
8,150,0.538316943867
8,200,0.547101075814
8,250,0.553550983408
8,300,0.553555052557
7,1,0.050163984602
7,50,0.513434296807
7,100,0.530332212125
7,150,0.544011098536
7,200,0.551862428045
7,250,0.559066777907
7,300,0.559070607569
6,1,0.0585246487024
6,50,0.51667666586
6,100,0.534393359613
6,150,0.551353996667
6,200,0.559865295491
6,250,0.567579024276
6,300,0.567582601746
5,1,0.0702295784428
5,50,0.521697649751
5,100,0.542081852759
5,150,0.560176360289
5,200,0.570062681717
5,250,0.578817269834
5,300,0.578820532569
4,1,0.0877869730535
4,50,0.526213854484
4,100,0.551353996667
4,150,0.571839054058
4,200,0.584055802257
4,250,0.593267868428
4,300,0.593270670176
3,1,0.117049297405
3,50,0.534393359613
3,100,0.565280709815
3,150,0.59142439729
3,200,0.604011361978
3,250,0.614457106904
3,300,0.614459292218
2,1,0.175573946107
2,50,0.551353996667
2,100,0.59142439729
2,150,0.622830725624
2,200,0.636504354412
2,250,0.646255605367
2,300,0.646256929492
1,1,0.351147892214
1,50,0.59142439729
1,100,0.647559474526
1,150,0.682667655936
1,200,0.692880749719
1,250,0.69797990138
1,300,0.698053835921
