300,1,0.10625
300,301,0.357216567807
300,251,0.373718062343
300,201,0.404129139841
300,151,0.411270548189
300,101,0.431942270994
300,51,0.477656913553
299,1,0.106605351171
299,301,0.358111410385
299,251,0.374657896674
299,201,0.40514737486
299,151,0.412315138741
299,101,0.433013250683
299,51,0.478847544589
298,1,0.106963087248
298,301,0.359011929977
298,251,0.375603732379
298,201,0.406172193255
298,151,0.41336648334
298,101,0.434091278141
298,51,0.480046129533
297,1,0.107323232323
297,301,0.359918183926
297,251,0.376555630078
297,201,0.407203661526
297,151,0.41442465021
297,101,0.435176424557
297,51,0.481252748728
296,1,0.107685810811
296,301,0.360830230352
296,251,0.377513651209
296,201,0.40824184707
296,151,0.415489708493
296,101,0.436268762084
296,51,0.482467483602
295,1,0.108050847458
295,301,0.361748128162
295,251,0.378477858045
295,201,0.409286818199
295,151,0.416561728274
295,101,0.43736836385
295,51,0.483690416688
294,1,0.108418367347
294,301,0.362671937062
294,251,0.379448313705
294,201,0.410338644152
294,151,0.417640780587
294,101,0.438475303981
294,51,0.48492163164
293,1,0.108788395904
293,301,0.363601717576
293,251,0.380425082171
293,201,0.411397395115
293,151,0.418726937438
293,101,0.439589657614
293,51,0.486161213256
292,1,0.109160958904
292,301,0.364537531056
292,251,0.3814082283
292,201,0.412463142237
292,151,0.419820271818
292,101,0.440711500915
292,51,0.487409247496
291,1,0.109536082474
291,301,0.365479439698
291,251,0.382397817842
291,201,0.413535957643
291,151,0.420920857724
291,101,0.441840911096
291,51,0.488665821498
290,1,0.109913793103
290,301,0.366427506556
290,251,0.383393917451
290,201,0.414615914452
290,151,0.42202877017
290,101,0.442977966437
290,51,0.489931023607
289,1,0.110294117647
289,301,0.367381795555
289,251,0.384396594707
289,201,0.415703086797
289,151,0.42314408521
289,101,0.444122746297
289,51,0.491204943386
288,1,0.110677083333
288,301,0.368342371509
288,251,0.385405918127
288,201,0.41679754984
288,151,0.424266879956
288,101,0.445275331142
288,51,0.492487671645
287,1,0.11106271777
287,301,0.369309300135
287,251,0.386421957183
287,201,0.417899379789
287,151,0.425397232592
287,101,0.446435802557
287,51,0.493779300458
286,1,0.111451048951
286,301,0.370282648071
286,251,0.387444782319
286,201,0.419008653921
286,151,0.426535222397
286,101,0.447604243267
286,51,0.495079923189
285,1,0.111842105263
285,301,0.371138215579
285,251,0.388313254664
285,201,0.419900027357
285,151,0.427443626294
285,101,0.44846254895
285,51,0.496001035068
284,1,0.112235915493
284,301,0.37199869694
284,251,0.389186786508
284,201,0.420796789993
284,151,0.428357558768
284,101,0.449326362896
284,51,0.496928424524
283,1,0.112632508834
283,301,0.372864144244
283,251,0.390065431484
283,201,0.421698998959
283,151,0.429277078426
283,101,0.450195743496
283,51,0.497862158104
282,1,0.113031914894
282,301,0.373734610321
282,251,0.390949243988
282,201,0.422606712193
282,151,0.430202244704
282,101,0.451070749971
282,51,0.498802303298
281,1,0.113434163701
281,301,0.374610148752
281,251,0.391838279188
281,201,0.423519988461
281,151,0.431133117889
281,101,0.451951442383
281,51,0.499748928558
280,1,0.113839285714
280,301,0.375490813883
280,251,0.392732593043
280,201,0.424438887367
280,151,0.432069759124
280,101,0.452837881652
280,51,0.500702103314
279,1,0.114247311828
279,301,0.376376660841
279,251,0.393632242311
279,201,0.425363469369
279,151,0.433012230433
279,101,0.453730129573
279,51,0.501661897989
278,1,0.114658273381
278,301,0.377267745544
278,251,0.39453728457
278,201,0.426293795795
278,151,0.433960594729
278,101,0.45462824883
278,51,0.502628384022
277,1,0.115072202166
277,301,0.378164124719
277,251,0.395447778228
277,201,0.427229928859
277,151,0.434914915836
277,101,0.45553230301
277,51,0.503601633883
276,1,0.115489130435
276,301,0.379065855914
276,251,0.396363782537
276,201,0.428171931677
276,151,0.435875258501
276,101,0.456442356625
276,51,0.50458172109
275,1,0.115909090909
275,301,0.379972997515
275,251,0.397285357616
275,201,0.429119868283
275,151,0.436841688414
275,101,0.457358475121
275,51,0.505568720235
274,1,0.116332116788
274,301,0.38088560876
274,251,0.398212564457
274,201,0.430073803645
274,151,0.437814272225
274,101,0.458280724903
274,51,0.506562706994
273,1,0.116758241758
273,301,0.381625021947
273,251,0.39893752319
273,201,0.43075416417
273,151,0.438484060943
273,101,0.458914415184
273,51,0.507141027382
272,1,0.1171875
272,301,0.382367924738
272,251,0.399665971527
272,201,0.431438026526
272,151,0.439157375071
272,101,0.459551672444
272,51,0.507723255385
271,1,0.117619926199
271,301,0.383114355764
271,251,0.400397948099
271,201,0.432125429479
271,151,0.439834253634
271,101,0.460192536169
271,51,0.508309434261
270,1,0.118055555556
270,301,0.383864354228
270,251,0.401133492109
270,201,0.432816412369
270,151,0.440514736238
270,101,0.460837046432
270,51,0.508899607909
269,1,0.118494423792
269,301,0.384617959915
269,251,0.401872643342
269,201,0.433511015119
269,151,0.441198863075
269,101,0.461485243899
269,51,0.509493820879
268,1,0.118936567164
268,301,0.385375213205
268,251,0.402615442177
268,201,0.434209278253
268,151,0.441886674941
268,101,0.462137169845
268,51,0.510092118389
267,1,0.119382022472
267,301,0.386136155082
267,251,0.403361929599
267,201,0.434911242896
267,151,0.442578213239
267,101,0.462792866165
267,51,0.510694546332
266,1,0.119830827068
266,301,0.386900827146
266,251,0.404112147209
266,201,0.435616950796
266,151,0.443273519997
266,101,0.463452375379
266,51,0.511301151291
265,1,0.120283018868
265,301,0.387669271626
265,251,0.404866137235
265,201,0.436326444329
265,151,0.443972637877
265,101,0.464115740654
265,51,0.511911980554
264,1,0.120738636364
264,301,0.38844153139
264,251,0.405623942545
264,201,0.437039766514
264,151,0.444675610187
264,101,0.464783005809
264,51,0.512527082125
263,1,0.121197718631
263,301,0.389217649959
263,251,0.40638560666
263,201,0.437756961023
263,151,0.445382480894
263,101,0.465454215328
263,51,0.513146504735
262,1,0.121660305344
262,301,0.389997671517
262,251,0.407151173764
262,201,0.438478072196
262,151,0.446093294636
262,101,0.466129414376
262,51,0.513770297865
261,1,0.122126436782
261,301,0.390781640927
261,251,0.40792068872
261,201,0.439203145052
261,151,0.446808096736
261,101,0.46680864881
261,51,0.514398511748
260,1,0.122596153846
260,301,0.391569603741
260,251,0.408694197079
260,201,0.439932225303
260,151,0.447526933212
260,101,0.467491965192
260,51,0.515031197394
259,1,0.123069498069
259,301,0.392361606214
259,251,0.409471745098
259,201,0.440665359367
259,151,0.448249850795
259,101,0.468179410802
259,51,0.5156684066
258,1,0.123546511628
258,301,0.393157695318
258,251,0.410253379748
258,201,0.441402594381
258,151,0.448976896941
258,101,0.468871033657
258,51,0.516310191964
257,1,0.124027237354
257,301,0.393957918759
257,251,0.411039148735
257,201,0.442143978215
257,151,0.449708119841
257,101,0.469566882516
257,51,0.516956606905
256,1,0.12451171875
256,301,0.394762324985
256,251,0.411829100506
256,201,0.44288955949
256,151,0.450443568443
256,101,0.470267006904
256,51,0.517607705676
255,1,0.125
255,301,0.395570963205
255,251,0.412623284272
255,201,0.443639387586
255,151,0.45118329246
255,101,0.47097145712
255,51,0.518263543381
254,1,0.125
254,301,0.395891757419
254,251,0.412929624032
254,201,0.443901386679
254,151,0.451435216406
254,101,0.471188158274
254,51,0.518432050007
253,1,0.125
253,301,0.396212994063
253,251,0.413236406221
253,201,0.444163843381
253,151,0.451687627236
253,101,0.471405397925
253,51,0.518601518071
252,1,0.125
252,301,0.396534678402
252,251,0.413543636106
252,201,0.444426763141
252,151,0.451940530746
252,101,0.471623182484
252,51,0.518771959019
251,1,0.125
251,301,0.396856815788
251,251,0.413851319039
251,201,0.444690151491
251,151,0.452193932825
251,101,0.471841518465
251,51,0.518943384478
250,1,0.125
250,301,0.397179253436
250,251,0.414159302232
250,201,0.444953777188
250,151,0.452447437223
250,101,0.472060412484
250,51,0.519115806264
249,1,0.125
249,301,0.397502091091
249,251,0.414467685433
249,201,0.445217802892
249,151,0.452701345866
249,101,0.472279871264
249,51,0.519289236379
248,1,0.125
248,301,0.397825333591
248,251,0.414776473478
248,201,0.44548223344
248,151,0.452955663644
248,101,0.472499901638
248,51,0.519463687022
247,1,0.125
247,301,0.398148985853
247,251,0.415085671286
247,201,0.445747073751
247,151,0.453210395525
247,101,0.472720510547
247,51,0.519639170587
246,1,0.125
246,301,0.398473052874
246,251,0.415395283853
246,201,0.446012328822
246,151,0.453465546562
246,101,0.472941705047
246,51,0.519815699671
245,1,0.125
245,301,0.398797539734
245,251,0.415705316259
245,201,0.44627800373
245,151,0.453721121884
245,101,0.473163492309
245,51,0.519993287077
244,1,0.125
244,301,0.399122451594
244,251,0.416015773664
244,201,0.446544103638
244,151,0.453977126711
244,101,0.473385879621
244,51,0.520171945816
243,1,0.125
243,301,0.3994477937
243,251,0.416326661317
243,201,0.446810633794
243,151,0.454233566343
243,101,0.47360887439
243,51,0.520351689115
242,1,0.125
242,301,0.399773571388
242,251,0.41663798455
242,201,0.44707759953
242,151,0.454490446171
242,101,0.473832484147
242,51,0.520532530419
241,1,0.125
241,301,0.400099790078
241,251,0.416949748786
241,201,0.447345006269
241,151,0.454747771675
241,101,0.474056716548
241,51,0.520714483396
240,1,0.125
240,301,0.400426455283
240,251,0.417261959537
240,201,0.447612859523
240,151,0.455005548425
240,101,0.474281579375
240,51,0.520897561941
239,1,0.125
239,301,0.400753572609
239,251,0.417574622408
239,201,0.447881164898
239,151,0.455263782087
239,101,0.474507080542
239,51,0.521081780184
238,1,0.125
238,301,0.401081147753
238,251,0.417887743099
238,201,0.448149928091
238,151,0.455522478418
238,101,0.474733228096
238,51,0.52126715249
237,1,0.125
237,301,0.401409186512
237,251,0.418201327403
237,201,0.448419154899
237,151,0.455781643276
237,101,0.474960030217
237,51,0.521453693468
236,1,0.125
236,301,0.401737694779
236,251,0.418515381216
236,201,0.448688851214
236,151,0.456041282617
236,101,0.475187495228
236,51,0.521641417973
235,1,0.125
235,301,0.402066678547
235,251,0.418829910529
235,201,0.448959023031
235,151,0.456301402498
235,101,0.47541563159
235,51,0.521830341115
234,1,0.125
234,301,0.402396143912
234,251,0.419144921441
234,201,0.449229676446
234,151,0.456562009079
234,101,0.475644447911
234,51,0.52202047826
233,1,0.125
233,301,0.402726097076
233,251,0.419460420151
233,201,0.449500817658
233,151,0.456823108627
233,101,0.475873952945
233,51,0.52221184504
232,1,0.125
232,301,0.403056544347
232,251,0.419776412967
232,201,0.449772452977
232,151,0.457084707517
232,101,0.476104155599
232,51,0.522404457355
231,1,0.125
231,301,0.40338749214
231,251,0.420092906306
231,201,0.450044588819
231,151,0.457346812234
231,101,0.476335064931
231,51,0.522598331381
230,1,0.125
230,301,0.403718946985
230,251,0.420409906696
230,201,0.450317231713
230,151,0.457609429375
230,101,0.476566690161
230,51,0.522793483574
229,1,0.125
229,301,0.404050915524
229,251,0.420727420781
229,201,0.450590388301
229,151,0.457872565654
229,101,0.476799040665
229,51,0.522989930681
228,1,0.125
228,301,0.404383404517
228,251,0.42104545532
228,201,0.450864065343
228,151,0.4581362279
228,101,0.477032125988
228,51,0.523187689737
227,1,0.125
227,301,0.404716420841
227,251,0.42136401719
227,201,0.451138269716
227,151,0.458400423066
227,101,0.47726595584
227,51,0.523386778084
226,1,0.125
226,301,0.405049971497
226,251,0.421683113391
226,201,0.45141300842
226,151,0.458665158226
226,101,0.477500540106
226,51,0.523587213365
225,1,0.125
225,301,0.405384063609
225,251,0.422002751049
225,201,0.451688288581
225,151,0.458930440578
225,101,0.477735888843
225,51,0.52378901354
224,1,0.125
224,301,0.405718704428
224,251,0.422322937414
224,201,0.45196411745
224,151,0.459196277453
224,101,0.47797201229
224,51,0.523992196888
223,1,0.125
223,301,0.406053901337
223,251,0.422643679869
223,201,0.452240502407
223,151,0.459462676309
223,101,0.478208920869
223,51,0.524196782018
222,1,0.125
222,301,0.40638966185
222,251,0.422964985928
222,201,0.452517450969
222,151,0.459729644741
222,101,0.47844662519
222,51,0.524402787873
221,1,0.125
221,301,0.406725993618
221,251,0.423286863242
221,201,0.452794970786
221,151,0.459997190481
221,101,0.478685136055
221,51,0.524610233737
220,1,0.125
220,301,0.407062904431
220,251,0.4236093196
220,201,0.453073069648
220,151,0.460265321402
220,101,0.478924464462
220,51,0.524819139249
219,1,0.125
219,301,0.40740040222
219,251,0.423932362935
219,201,0.453351755486
219,151,0.460534045519
219,101,0.479164621611
219,51,0.525029524403
218,1,0.125
218,301,0.418424133608
218,251,0.43421235591
218,201,0.461770779745
218,151,0.469145226439
218,101,0.483955216915
218,51,0.526440229015
217,1,0.125
217,301,0.418735336387
217,251,0.434509147071
217,201,0.46202486118
217,151,0.469389079047
217,101,0.484179508728
217,51,0.526648351871
216,1,0.125
216,301,0.419047150827
216,251,0.434806549891
216,201,0.462279554274
216,151,0.469633549795
216,101,0.484404664133
216,51,0.52685801659
215,1,0.125
215,301,0.419359585461
215,251,0.435104572906
215,201,0.462534867563
215,151,0.46987864731
215,101,0.484630695179
215,51,0.527069244686
214,1,0.125
214,301,0.419672648984
214,251,0.435403224811
214,201,0.462790809741
214,151,0.470124380378
214,101,0.484857614142
214,51,0.527282058076
213,1,0.125
213,301,0.419986350253
213,251,0.435702514462
213,201,0.463047389665
213,151,0.47037075795
213,101,0.485085433527
213,51,0.527496479087
212,1,0.125
212,301,0.420300698295
212,251,0.436002450884
212,201,0.463304616361
212,151,0.470617789147
212,101,0.485314166076
212,51,0.527712530469
211,1,0.125
211,301,0.420615702303
211,251,0.436303043273
211,201,0.463562499024
211,151,0.470865483261
211,101,0.485543824773
211,51,0.527930235404
210,1,0.125
210,301,0.420931371649
210,251,0.436604301001
210,201,0.463821047026
210,151,0.471113849764
210,101,0.485774422849
210,51,0.528149617512
209,1,0.125
209,301,0.421247715884
209,251,0.436906233617
209,201,0.464080269915
209,151,0.471362898306
209,101,0.486005973786
209,51,0.528370700868
208,1,0.125
208,301,0.421564744741
208,251,0.437208850855
208,201,0.464340177427
208,151,0.471612638725
208,101,0.48623849133
208,51,0.52859351001
207,1,0.125
207,301,0.421882468143
207,251,0.437512162638
207,201,0.464600779484
207,151,0.471863081047
207,101,0.486471989487
207,51,0.528818069948
206,1,0.125
206,301,0.422200896204
206,251,0.43781617908
206,201,0.4648620862
206,151,0.472114235496
206,101,0.48670648254
206,51,0.52904440618
205,1,0.125
205,301,0.422520039236
205,251,0.438120910494
205,201,0.465124107887
205,151,0.472366112491
205,101,0.486941985047
205,51,0.529272544701
204,1,0.125
204,301,0.422839907753
204,251,0.438426367393
204,201,0.465386855059
204,151,0.472618722659
204,101,0.487178511853
204,51,0.529502512014
203,1,0.125
203,301,0.423160512478
203,251,0.438732560498
203,201,0.465650338439
203,151,0.472872076836
203,101,0.487416078096
203,51,0.529734335146
202,1,0.125
202,301,0.423481864344
202,251,0.439039500745
202,201,0.465914568959
202,151,0.473126186069
202,101,0.487654699213
202,51,0.529968041659
201,1,0.125
201,301,0.423803974501
201,251,0.439347199284
201,201,0.466179557771
201,151,0.47338106163
201,101,0.487894390949
201,51,0.530203659663
200,1,0.125
200,301,0.424126854325
200,251,0.439655667489
200,201,0.46644531625
200,151,0.473636715013
200,101,0.488135169362
200,51,0.53044121783
199,1,0.125
199,301,0.424450515419
199,251,0.439964916964
199,201,0.466711855999
199,151,0.473893157943
199,101,0.488377050835
199,51,0.53068074541
198,1,0.125
198,301,0.42477496962
198,251,0.440274959546
198,201,0.466979188854
198,151,0.474150402384
198,101,0.488620052081
198,51,0.530922272241
197,1,0.125
197,301,0.425100229005
197,251,0.440585807312
197,201,0.467247326895
197,151,0.474408460542
197,101,0.488864190152
197,51,0.531165828768
196,1,0.125
196,301,0.425426305899
196,251,0.440897472588
196,201,0.467516282444
196,151,0.474667344871
196,101,0.489109482449
196,51,0.53141144606
195,1,0.125
195,301,0.425753212879
195,251,0.441209967949
195,201,0.467786068079
195,151,0.474927068082
195,101,0.489355946728
195,51,0.531659155819
194,1,0.125
194,301,0.426080962782
194,251,0.441523306233
194,201,0.468056696637
194,151,0.475187643147
194,101,0.489603601114
194,51,0.531908990404
193,1,0.125
193,301,0.42640956871
193,251,0.441837500542
193,201,0.468328181219
193,151,0.475449083307
193,101,0.489852464105
193,51,0.532160982844
192,1,0.125
192,301,0.426739044038
192,251,0.442152564251
192,201,0.468600535202
192,151,0.475711402079
192,101,0.490102554586
192,51,0.532415166853
191,1,0.125
191,301,0.427069402421
191,251,0.442468511016
191,201,0.46887377224
191,151,0.475974613264
191,101,0.490353891837
191,51,0.532671576856
190,1,0.125
190,301,0.427400657803
190,251,0.442785354779
190,201,0.469147906277
190,151,0.476238730953
190,101,0.490606495543
190,51,0.532930247998
189,1,0.125
189,301,0.427732824422
189,251,0.44310310978
189,201,0.469422951551
189,151,0.476503769533
189,101,0.490860385807
189,51,0.533191216173
188,1,0.125
188,301,0.428065916819
188,251,0.443421790558
188,201,0.469698922603
188,151,0.476769743701
188,101,0.49111558316
188,51,0.533454518033
187,1,0.125
187,301,0.428399949846
187,251,0.443741411966
187,201,0.469975834284
187,151,0.477036668466
187,101,0.49137210857
187,51,0.533720191018
186,1,0.125
186,301,0.428734938674
186,251,0.444061989175
186,201,0.470253701767
186,151,0.47730455916
186,101,0.491629983458
186,51,0.533988273373
185,1,0.125
185,301,0.429070898803
185,251,0.444383537685
185,201,0.470532540551
185,151,0.477573431447
185,101,0.491889229708
185,51,0.534258804167
184,1,0.125
184,301,0.429407846069
184,251,0.444706073332
184,201,0.470812366472
184,151,0.47784330133
184,101,0.492149869678
184,51,0.534531823321
183,1,0.125
183,301,0.429745796655
183,251,0.445029612299
183,201,0.471093195712
183,151,0.478114185165
183,101,0.492411926216
183,51,0.534807371628
182,1,0.125
182,301,0.430084767098
182,251,0.445354171124
182,201,0.471375044811
182,151,0.478386099664
182,101,0.492675422673
182,51,0.535085490777
181,1,0.125
181,301,0.430424774304
181,251,0.445679766711
181,201,0.471657930672
181,151,0.47865906191
181,101,0.492940382914
181,51,0.535366223378
180,1,0.125
180,301,0.430765835551
180,251,0.446006416339
180,201,0.471941870573
180,151,0.478933089366
180,101,0.493206831335
180,51,0.53564961299
179,1,0.125
179,301,0.431107968504
179,251,0.446334137673
179,201,0.472226882181
179,151,0.479208199884
179,101,0.493474792879
179,51,0.535935704144
178,1,0.125
178,301,0.431451191226
178,251,0.446662948777
178,201,0.472512983558
178,151,0.479484411719
178,101,0.493744293048
178,51,0.53622454237
177,1,0.125
177,301,0.431795522188
177,251,0.44699286812
177,201,0.472800193175
177,151,0.479761743536
177,101,0.49401535792
177,51,0.536516174229
176,1,0.125
176,301,0.43214098028
176,251,0.447323914593
176,201,0.473088529922
176,151,0.480040214427
176,101,0.494288014165
176,51,0.53681064734
175,1,0.125
175,301,0.432487584825
175,251,0.447656107519
175,201,0.473378013122
175,151,0.480319843918
175,101,0.494562289065
175,51,0.537108010411
174,1,0.125
174,301,0.432835355589
174,251,0.447989466664
174,201,0.47366866254
174,151,0.480600651985
174,101,0.494838210527
174,51,0.537408313268
173,1,0.125
173,301,0.433184312794
173,251,0.448324012251
173,201,0.473960498401
173,151,0.480882659066
173,101,0.495115807105
173,51,0.53771160689
172,1,0.125
172,301,0.433534477136
172,251,0.448659764974
172,201,0.474253541398
172,151,0.481165886074
172,101,0.495395108016
172,51,0.538017943441
171,1,0.125
171,301,0.433885869792
171,251,0.448996746011
171,201,0.474547812708
171,151,0.481450354411
171,101,0.49567614316
171,51,0.538327376307
170,1,0.125
170,301,0.434238512438
170,251,0.449334977038
170,201,0.474843334009
170,151,0.481736085983
170,101,0.495958943141
170,51,0.538639960128
169,1,0.125
169,301,0.434592427263
169,251,0.449674480244
169,201,0.475140127489
169,151,0.482023103214
169,101,0.496243539288
169,51,0.538955750839
168,1,0.125
168,301,0.434947636984
168,251,0.450015278347
168,201,0.475438215865
168,151,0.482311429062
168,101,0.496529963675
168,51,0.539274805704
167,1,0.125
167,301,0.435304164864
167,251,0.450357394608
167,201,0.4757376224
167,151,0.482601087036
167,101,0.496818249146
167,51,0.539597183362
166,1,0.125
166,301,0.435662034724
166,251,0.450700852849
166,201,0.476038370915
166,151,0.48289210121
166,101,0.497108429333
166,51,0.539922943864
165,1,0.125
165,301,0.436021270964
165,251,0.451045677471
165,201,0.47634048581
165,151,0.483184496243
165,101,0.497400538686
165,51,0.540252148715
164,1,0.125
164,301,0.436381898579
164,251,0.451391893467
164,201,0.47664399208
164,151,0.483478297393
164,101,0.497694612495
164,51,0.540584860921
163,1,0.125
163,301,0.436743943178
163,251,0.451739526446
163,201,0.476948915333
163,151,0.483773530541
163,101,0.497990686916
163,51,0.540921145036
162,1,0.125
162,301,0.437107430999
162,251,0.452088602649
162,201,0.477255281809
162,151,0.484070222204
162,101,0.498288798997
162,51,0.541261067206
161,1,0.125
161,301,0.437472388936
161,251,0.452439148967
161,201,0.477563118401
161,151,0.48436839956
161,101,0.498588986707
161,51,0.541604695221
160,1,0.125
160,301,0.437838844554
160,251,0.452791192966
160,201,0.477872452673
160,151,0.484668090467
160,101,0.498891288963
160,51,0.541952098564
159,1,0.125
159,301,0.43820682611
159,251,0.453144762903
159,201,0.478183312884
159,151,0.48496932348
159,101,0.499195745663
159,51,0.54230334847
158,1,0.125
158,301,0.438576362578
158,251,0.453499887752
158,201,0.478495728007
158,151,0.485272127882
158,101,0.499502397714
158,51,0.542658517973
157,1,0.125
157,301,0.438947483669
157,251,0.453856597225
157,201,0.478809727754
157,151,0.485576533698
157,101,0.499811287066
157,51,0.543017681971
156,1,0.125
156,301,0.439320219858
156,251,0.454214921796
156,201,0.479125342598
156,151,0.485882571725
156,101,0.500122456743
156,51,0.543380917281
155,1,0.125
155,301,0.439694602405
155,251,0.454574892723
155,201,0.479442603799
155,151,0.486190273554
155,101,0.500435950881
155,51,0.543748302702
154,1,0.125
154,301,0.44007066338
154,251,0.45493654208
154,201,0.479761543429
154,151,0.486499671597
154,101,0.500751814761
154,51,0.544119919081
153,1,0.125
153,301,0.440448435695
153,251,0.455299902776
153,201,0.480082194399
153,151,0.486810799112
153,101,0.501070094849
153,51,0.544495849378
152,1,0.125
152,301,0.440813290186
152,251,0.455650345648
152,201,0.480389927545
152,151,0.48710864573
152,101,0.501357738667
152,51,0.544748427932
151,1,0.125
151,301,0.441178500634
151,251,0.456001144478
151,201,0.480698016648
151,151,0.487406848305
151,101,0.501645738443
151,51,0.545001221455
150,1,0.125
150,301,0.441544074159
150,251,0.456352306384
150,201,0.481006468828
150,151,0.487705413957
150,101,0.501934101295
150,51,0.545254234249
149,1,0.125
149,301,0.441910018071
149,251,0.456703838677
149,201,0.481315291395
149,151,0.488004349996
149,101,0.502222834534
149,51,0.545507470727
148,1,0.125
148,301,0.442276339878
148,251,0.457055748865
148,201,0.481624491856
148,151,0.48830366393
148,101,0.502511945667
148,51,0.545760935424
147,1,0.125
147,301,0.442643047291
147,251,0.457408044659
147,201,0.481934077924
147,151,0.48860336347
147,101,0.502801442408
147,51,0.546014632997
146,1,0.125
146,301,0.443010148235
146,251,0.457760733984
146,201,0.482244057523
146,151,0.48890345654
146,101,0.503091332678
146,51,0.546268568231
145,1,0.125
145,301,0.446496102859
145,251,0.460753422469
145,201,0.484225038502
145,151,0.490968354023
145,101,0.503861095847
145,51,0.54655401726
144,1,0.125
144,301,0.446849604331
144,251,0.461094176377
144,201,0.484526983239
144,151,0.491260001709
144,101,0.504148885598
144,51,0.546808233413
143,1,0.125
143,301,0.462766632665
143,251,0.476363683398
143,201,0.497527052121
143,151,0.503722586874
143,101,0.51234073089
143,51,0.550522910006
142,1,0.125
142,301,0.463114130642
142,251,0.476683240091
142,201,0.497791409269
142,151,0.503975062775
142,101,0.51259051347
142,51,0.550756286635
141,1,0.125
141,301,0.463462065201
141,251,0.477003233368
141,201,0.498056202999
141,151,0.504227975259
141,101,0.512840732633
141,51,0.550989926926
140,1,0.125
140,301,0.463810445698
140,251,0.477323672582
140,201,0.498321442668
140,151,0.50448133368
140,101,0.513091397734
140,51,0.551223836529
139,1,0.125
139,301,0.464159281758
139,251,0.477644567359
139,201,0.498587137899
139,151,0.504735147664
139,101,0.513342518398
139,51,0.551458021255
138,1,0.125
138,301,0.464508583284
138,251,0.477965927603
138,201,0.498853298596
138,151,0.504989427115
138,101,0.513594104528
138,51,0.551692487087
137,1,0.125
137,301,0.479521002325
137,251,0.492035561159
137,201,0.50980655162
137,151,0.514421411293
137,101,0.523771663817
137,51,0.554282103693
136,1,0.125
136,301,0.47984470432
136,251,0.492323100928
136,201,0.510029820851
136,151,0.514633621122
136,101,0.523980455498
136,51,0.554501309737
135,1,0.125
135,301,0.480168903269
135,251,0.492611137652
135,201,0.510253587036
135,151,0.514846327905
135,101,0.524189744135
135,51,0.554720815904
134,1,0.125
134,301,0.480493610298
134,251,0.492899682457
134,201,0.510477861302
134,151,0.51505954277
134,101,0.524399540851
134,51,0.554940628911
133,1,0.125
133,301,0.480818836869
133,251,0.493188746802
133,201,0.510702655109
133,151,0.515273277175
133,101,0.524609857109
133,51,0.55516075568
132,1,0.125
132,301,0.481144594788
132,251,0.493478342497
132,201,0.510927980264
132,151,0.515487542929
132,101,0.524820704715
132,51,0.555381203342
131,1,0.125
131,301,0.481470896224
131,251,0.493768481708
131,201,0.511153848937
131,151,0.5157023522
131,101,0.525032095839
131,51,0.555601979245
130,1,0.125
130,301,0.481797753721
130,251,0.494059176979
130,201,0.511380273669
130,151,0.51591771753
130,101,0.525244043022
130,51,0.555823090965
129,1,0.125
129,301,0.482125180208
129,251,0.494350441242
129,201,0.511607267393
129,151,0.516133651852
129,101,0.525456559197
129,51,0.556044546312
128,1,0.125
128,301,0.482453189022
128,251,0.494642287831
128,201,0.511834843443
128,151,0.516350168502
128,101,0.525669657698
128,51,0.556266353338
127,1,0.125
127,301,0.48278179392
127,251,0.494934730503
127,201,0.512063015577
127,151,0.516567281233
127,101,0.525883352283
127,51,0.556488520351
126,1,0.125
126,301,0.483111009092
126,251,0.495227783451
126,201,0.512291797985
126,151,0.516785004241
126,101,0.526097657142
126,51,0.556711055923
125,1,0.125
125,301,0.484424772851
125,251,0.496505384985
125,201,0.513744897937
125,151,0.518621204777
125,101,0.526312586924
125,51,0.556933968898
124,1,0.125
124,301,0.484762813971
124,251,0.49680726388
124,201,0.513984272087
124,151,0.518852355134
124,101,0.526528156747
124,51,0.557157268409
123,1,0.125
123,301,0.485101510743
123,251,0.497109798427
123,201,0.514224301888
123,151,0.519084161142
123,101,0.526744382221
123,51,0.557380963881
122,1,0.125
122,301,0.485440879288
122,251,0.497413004748
122,201,0.514465003464
122,151,0.519316638925
122,101,0.526961279469
122,51,0.557605065052
121,1,0.125
121,301,0.485780936264
121,251,0.497716899498
121,201,0.51470639347
121,151,0.519549805138
121,101,0.527178865148
121,51,0.557829581981
120,1,0.125
120,301,0.48612169888
120,251,0.49802149989
120,201,0.514948489116
120,151,0.519783676991
120,101,0.527397156467
120,51,0.558054525062
119,1,0.125
119,301,0.486463184927
119,251,0.498326823711
119,201,0.515191308192
119,151,0.520018272275
119,101,0.527616171216
119,51,0.558279905037
118,1,0.125
118,301,0.486805412795
118,251,0.498632889354
118,201,0.51543486909
118,151,0.52025360938
118,101,0.527835927787
118,51,0.558505733015
117,1,0.125
117,301,0.487148401507
117,251,0.498939715841
117,201,0.515679190832
117,151,0.520489707329
117,101,0.528056445201
117,51,0.558732020483
116,1,0.125
116,301,0.487492170738
116,251,0.499247322848
116,201,0.515924293093
116,151,0.520726585797
116,101,0.528277743136
116,51,0.558958779323
115,1,0.125
115,301,0.487836740852
115,251,0.499555730736
115,201,0.516170196237
115,151,0.520964265148
115,101,0.528499841952
115,51,0.559186021833
114,1,0.125
114,301,0.488182132923
114,251,0.499864960582
114,201,0.516416921337
114,151,0.521202766456
114,101,0.528722762725
114,51,0.559413760741
113,1,0.125
113,301,0.488528368773
113,251,0.500175034207
113,201,0.516664490217
113,151,0.521442111543
113,101,0.528946527278
113,51,0.559642009226
112,1,0.125
112,301,0.488875471004
112,251,0.500485974213
112,201,0.516912925478
112,151,0.521682323011
112,101,0.529171158212
112,51,0.559870780936
111,1,0.125
111,301,0.489223463031
111,251,0.500797804015
111,201,0.517162250535
111,151,0.521923424275
111,101,0.529396678941
111,51,0.560100090014
110,1,0.125
110,301,0.489572369121
110,251,0.501110547881
110,201,0.517412489655
110,151,0.522165439602
110,101,0.529623113734
110,51,0.560329951114
109,1,0.125
109,301,0.490692587574
109,251,0.502016681368
109,201,0.517954024052
109,151,0.522724415939
109,101,0.529893298113
109,51,0.56056107077
108,1,0.125
108,301,0.491038400191
108,251,0.502327340516
108,201,0.518204052668
108,151,0.522966052043
108,101,0.530121286247
108,51,0.560792075882
107,1,0.125
107,301,0.491385205185
107,251,0.50263899204
107,201,0.518455073659
107,151,0.523208680523
107,101,0.530350266755
107,51,0.56102368031
106,1,0.125
106,301,0.491733030639
106,251,0.502951664024
106,201,0.518707115111
106,151,0.523452329464
106,101,0.530580267726
106,51,0.561255901017
105,1,0.125
105,301,0.492081905711
105,251,0.503265385627
105,201,0.518960206182
105,151,0.523697028022
105,101,0.530811318313
105,51,0.561488755611
104,1,0.125
104,301,0.492431860679
104,251,0.503580187124
104,201,0.519214377147
104,151,0.523942806476
104,101,0.531043448796
104,51,0.561722262377
103,1,0.125
103,301,0.492782926994
103,251,0.503896099969
103,201,0.51946965946
103,151,0.524189696278
103,101,0.531276690627
103,51,0.56195644031
102,1,0.125
102,301,0.493135137344
102,251,0.50421315685
102,201,0.519726085808
102,151,0.524437730114
102,101,0.531511076493
102,51,0.56219130915
101,1,0.125
101,301,0.493488525711
101,251,0.504531391746
101,201,0.519983690173
101,151,0.524686941967
101,101,0.531746640375
101,51,0.56242688942
100,1,0.125
100,301,0.493843127434
100,251,0.504850839999
100,201,0.520242507894
100,151,0.524937367177
100,101,0.531983417613
100,51,0.562663202461
99,1,0.125
99,301,0.494198979282
99,251,0.505171538378
99,201,0.52050257574
99,151,0.525189042511
99,101,0.532221444977
99,51,0.562900270481
98,1,0.125
98,301,0.494556119524
98,251,0.50549352515
98,201,0.52076393198
98,151,0.52544200624
98,101,0.532460760735
98,51,0.563138116589
97,1,0.125
97,301,0.494914588007
97,251,0.505816840164
97,201,0.521026616461
97,151,0.52569629821
97,101,0.532701404734
97,51,0.563376764851
96,1,0.125
96,301,0.49527442624
96,251,0.506141524926
96,201,0.521290670692
96,151,0.525951959928
96,101,0.532943418482
96,51,0.563616240334
95,1,0.125
95,301,0.505347982169
95,251,0.51430717052
95,201,0.526347614062
95,151,0.530498614714
95,101,0.534747668628
95,51,0.564127092808
94,1,0.125
94,301,0.505680381783
94,251,0.514601097156
94,201,0.52658560037
94,151,0.530729973727
94,101,0.53497979382
94,51,0.564365706659
93,1,0.125
93,301,0.506014286533
93,251,0.514896528928
93,201,0.526825091812
93,151,0.530962837875
93,101,0.535213424148
93,51,0.564605229494
92,1,0.125
92,301,0.5063497455
92,251,0.515193514915
92,201,0.527066137471
92,151,0.53119725624
92,101,0.535448608691
92,51,0.564845690954
91,1,0.125
91,301,0.514024270806
91,251,0.521469377413
91,201,0.53042028795
91,151,0.533615385226
91,101,0.538299268733
91,51,0.565209829154
90,1,0.125
90,301,0.514327900778
90,251,0.521736191468
90,201,0.530641660642
90,151,0.53383553756
90,101,0.538517547634
90,51,0.565450993231
89,1,0.125
89,301,0.514633245639
89,251,0.522004720412
89,201,0.530864748224
89,151,0.534057404783
89,101,0.538737541425
89,51,0.565693192967
88,1,0.125
88,301,0.514940363852
88,251,0.522275022707
88,201,0.531089609157
88,151,0.534281045358
88,101,0.538959308567
88,51,0.565936463668
87,1,0.125
87,301,0.515429189528
87,251,0.522672823888
87,201,0.531363981491
87,151,0.534559997589
87,101,0.539186519664
87,51,0.566180856692
86,1,0.125
86,301,0.515738541797
86,251,0.522945775669
86,201,0.531592133451
86,151,0.534786879053
86,101,0.53941198244
86,51,0.566426381669
85,1,0.125
85,301,0.516049859567
85,251,0.523220692951
85,201,0.531822250913
85,151,0.535015726018
85,101,0.539639410718
85,51,0.566673093655
84,1,0.125
84,301,0.516363213036
84,251,0.523497645932
84,201,0.532054404073
84,151,0.535246608681
84,101,0.539868874693
84,51,0.566921035042
83,1,0.125
83,301,0.517969585605
83,251,0.525067618013
83,201,0.533887660913
83,151,0.537579373937
83,101,0.540100447946
83,51,0.567170250268
82,1,0.125
82,301,0.51829455281
82,251,0.525356184731
82,201,0.534133061513
82,151,0.537826061333
82,101,0.540334207645
82,51,0.567420785936
81,1,0.125
81,301,0.518621787441
81,251,0.525647018874
81,201,0.534380729538
81,151,0.538075016156
81,101,0.54057023477
81,51,0.567672690951
80,1,0.125
80,301,0.518951374526
80,251,0.525940205472
80,201,0.534630750018
80,151,0.538326323432
80,101,0.540808614349
80,51,0.567926016664
79,1,0.125
79,301,0.519283403399
79,251,0.526235833857
79,201,0.534883212285
79,151,0.538580072496
79,101,0.541049435715
79,51,0.568180817026
78,1,0.125
78,301,0.519617967975
78,251,0.526533997945
78,201,0.535138210255
78,151,0.538836357262
78,101,0.541292792785
78,51,0.568437148752
77,1,0.125
77,301,0.519955167046
77,251,0.526834796529
77,201,0.535395842722
77,151,0.539095276525
77,101,0.54153878435
77,51,0.568695071508
76,1,0.125
76,301,0.527423124489
76,251,0.534266353483
76,201,0.542784233558
76,151,0.546564909737
76,101,0.55174396025
76,51,0.583870432094
75,1,0.125
75,301,0.527823395252
75,251,0.534630223759
75,201,0.543104937716
75,151,0.54688734539
75,101,0.55206281909
75,51,0.584168678657
74,1,0.125
74,301,0.528223666015
74,251,0.534994094034
74,201,0.543425641874
74,151,0.547209781044
74,101,0.55238167793
74,51,0.58446692522
73,1,0.125
73,301,0.528623936779
73,251,0.53535796431
73,201,0.543746346031
73,151,0.547532216697
73,101,0.552700536769
73,51,0.584765171783
72,1,0.125
72,301,0.529065080892
72,251,0.535747772481
72,201,0.544074666443
72,151,0.547863456491
72,101,0.553019691556
72,51,0.585063418639
71,1,0.125
71,301,0.534576146198
71,251,0.539583398076
71,201,0.545920324776
71,151,0.54946105018
71,101,0.553598571929
71,51,0.585379509012
70,1,0.125
70,301,0.534949101441
70,251,0.539923895997
70,201,0.546227620528
70,151,0.549771798525
70,101,0.553914494029
70,51,0.585677524089
69,1,0.125
69,301,0.535322056684
69,251,0.540264393917
69,201,0.54653491628
69,151,0.550082546869
69,101,0.554230416129
69,51,0.585975539166
68,1,0.125
68,301,0.53879166651
68,251,0.542796746541
68,201,0.547606389317
68,151,0.550830973969
68,101,0.555126997598
68,51,0.586278948876
67,1,0.125
67,301,0.539141991038
67,251,0.543119109859
67,201,0.54790574426
67,151,0.551136828958
67,101,0.555436647317
67,51,0.586576888797
66,1,0.125
66,301,0.539492315566
66,251,0.543441473178
66,201,0.548205099204
66,151,0.551442683947
66,101,0.555746297036
66,51,0.586874828718
65,1,0.125
65,301,0.539842640094
65,251,0.543763836496
65,201,0.548504454147
65,151,0.551748538936
65,101,0.556055946755
65,51,0.587172768639
64,1,0.125
64,301,0.540192964623
64,251,0.544086199815
64,201,0.548803809091
64,151,0.552054393925
64,101,0.556365596474
64,51,0.58747070856
63,1,0.125
63,301,0.540543289151
63,251,0.544408563134
63,201,0.549103164034
63,151,0.552360248914
63,101,0.556675246193
63,51,0.587768648481
62,1,0.125
62,301,0.542331902248
62,251,0.546165298772
62,201,0.551166662748
62,151,0.554966975684
62,101,0.556984920123
62,51,0.588066588409
61,1,0.125
61,301,0.542689196821
61,251,0.546494677038
61,201,0.55147458956
61,151,0.555283693431
61,101,0.557294569488
61,51,0.58836452833
60,1,0.125
60,301,0.543046491393
60,251,0.546824055303
60,201,0.551782516372
60,151,0.555600411179
60,101,0.557604218853
60,51,0.588662468251
59,1,0.125
59,301,0.543403785965
59,251,0.547153433569
59,201,0.552090443183
59,151,0.555917128926
59,101,0.557913868218
59,51,0.588960408172
58,1,0.125
58,301,0.543761080537
58,251,0.547482811835
58,201,0.552398369995
58,151,0.556233846674
58,101,0.558223517583
58,51,0.589258348093
57,1,0.125
57,301,0.546675800578
57,251,0.549275193153
57,201,0.553168571678
57,151,0.556911692556
57,101,0.558574473433
57,51,0.589557411237
56,1,0.125
56,301,0.547014543228
56,251,0.549591581579
56,201,0.553471269751
56,151,0.557224177515
56,101,0.558883533038
56,51,0.589855332906
55,1,0.125
55,301,0.547353285879
55,251,0.549907970005
55,201,0.553773967824
55,151,0.557536662473
55,101,0.559192592643
55,51,0.590153254575
54,1,0.125
54,301,0.548930660178
54,251,0.550985776182
54,201,0.554254316011
54,151,0.55793237383
54,101,0.559623609586
54,51,0.59045140032
53,1,0.125
53,301,0.549257319002
53,251,0.551293868901
53,201,0.554554633767
53,151,0.558243665804
53,101,0.559930975952
53,51,0.590749318046
52,1,0.125
52,301,0.549583977826
52,251,0.55160196162
52,201,0.554854951523
52,151,0.558554957778
52,101,0.560238342318
52,51,0.591047235771
51,1,0.125
51,301,0.558142113083
51,251,0.560141530771
51,201,0.563386745711
51,151,0.567173561319
51,101,0.571159111952
51,51,0.603419443677
50,1,0.125
50,301,0.560013637643
50,251,0.561994489225
50,201,0.565574067983
50,151,0.569915266234
50,101,0.571508717644
50,51,0.603696471627
49,1,0.125
49,301,0.560396199283
49,251,0.56235848476
49,201,0.565931674132
49,151,0.57028592007
49,101,0.571858323336
49,51,0.603973499578
48,1,0.125
48,301,0.560779220458
48,251,0.562722698958
48,201,0.56628931008
48,151,0.570656611607
48,101,0.572207929185
48,51,0.604250527528
47,1,0.125
47,301,0.562404093501
47,251,0.563684407127
47,201,0.566782516917
47,151,0.571126194547
47,101,0.572563869702
47,51,0.60452762363
46,1,0.125
46,301,0.562775168431
46,251,0.564041745655
46,201,0.567138228371
46,151,0.5714954184
46,101,0.572913364907
46,51,0.604804650234
45,1,0.125
45,301,0.563630319317
45,251,0.564657768821
45,201,0.567534398858
45,151,0.571880098324
45,101,0.573288012251
45,51,0.605081685991
44,1,0.125
44,301,0.56399552874
44,251,0.565011632596
44,201,0.567889449971
44,151,0.572249053261
44,101,0.573637082832
44,51,0.605358712401
43,1,0.125
43,301,0.564360839824
43,251,0.565365540313
43,201,0.568244505719
43,151,0.572618014242
43,101,0.573986153425
43,51,0.605635738811
42,1,0.125
42,301,0.564726047466
42,251,0.565719403295
42,201,0.568599556743
42,151,0.572986969063
42,101,0.574335224005
42,51,0.605912765222
41,1,0.125
41,301,0.566628677483
41,251,0.567610688652
41,201,0.570835935844
41,151,0.575776766549
41,101,0.574684294585
41,51,0.606189791632
40,1,0.125
40,301,0.567597163039
40,251,0.568212696429
40,201,0.571238240292
40,151,0.576182243531
40,101,0.575034327135
40,51,0.606466822139
39,1,0.125
39,301,0.568150626861
39,251,0.568657469466
39,201,0.57160971481
39,151,0.576563308081
39,101,0.575388543951
39,51,0.606743848827
38,1,0.125
38,301,0.580409124649
38,251,0.580909399275
38,201,0.583867887377
38,151,0.588895423284
38,101,0.589155327581
38,51,0.617650377669
37,1,0.125
37,301,0.580890803493
37,251,0.58138451014
37,201,0.584349241
37,151,0.589392552026
37,101,0.589607395069
37,51,0.617942857151
36,1,0.125
36,301,0.581372487332
36,251,0.581859622787
36,201,0.584830594735
36,151,0.589889680924
36,101,0.590059462557
36,51,0.618235336634
35,1,0.125
35,301,0.583695523479
35,251,0.583988009719
35,201,0.587219762646
35,151,0.592817855565
35,101,0.590511675877
35,51,0.618527816362
34,1,0.125
34,301,0.584251965413
34,251,0.584497127849
34,201,0.587710505237
34,151,0.593324509846
34,101,0.590964781235
34,51,0.618820295853
33,1,0.125
33,301,0.584735098805
33,251,0.584976595917
33,201,0.588199156187
33,151,0.593830630115
33,101,0.591416821619
33,51,0.619112775328
32,1,0.125
32,301,0.585218231076
32,251,0.58545606362
32,201,0.588687807118
32,151,0.594336750357
32,101,0.591868862004
32,51,0.619405254803
31,1,0.125
31,301,0.587396870388
31,251,0.587534366013
31,201,0.591073366632
31,151,0.597249001699
31,101,0.592320924325
31,51,0.619697734293
30,1,0.125
30,301,0.595388375297
30,251,0.595505757613
30,201,0.599046446076
30,151,0.605279131992
30,101,0.600965065563
30,51,0.625318354046
29,1,0.125
29,301,0.595896255101
29,251,0.59601164615
29,201,0.599563377696
29,151,0.605814524744
29,101,0.601417762597
29,51,0.625568812134
28,1,0.125
28,301,0.596468535303
28,251,0.596533088133
28,201,0.600081251516
28,151,0.606350440818
28,101,0.601870462939
28,51,0.625819270223
27,1,0.125
27,301,0.59854822004
27,251,0.598604309551
27,201,0.602487125107
27,151,0.609267495448
27,101,0.60232320163
27,51,0.626069728312
26,1,0.125
26,301,0.599091551957
26,251,0.599122063018
26,201,0.603011231926
26,151,0.609811121914
26,101,0.602775897868
26,51,0.6263201864
25,1,0.125
25,301,0.612700870799
25,251,0.612730758311
25,201,0.616949311438
25,151,0.624262431199
25,101,0.614847475788
25,51,0.632993499301
24,1,0.125
24,301,0.613308171865
24,251,0.613334560129
24,201,0.617565430689
24,151,0.62489866187
24,101,0.615364296581
24,51,0.633259842428
23,1,0.125
23,301,0.613925765101
23,251,0.613939744051
23,201,0.618181603857
23,151,0.625534926434
23,101,0.615881108974
23,51,0.633526185555
22,1,0.125
22,301,0.616083851314
22,251,0.616090498945
22,201,0.620652527685
22,151,0.628478475468
22,101,0.616397922942
22,51,0.633792528682
21,1,0.125
21,301,0.62273930411
21,251,0.622745333319
21,201,0.627321455368
21,151,0.635175105454
21,101,0.62254535615
21,51,0.636153901475
20,1,0.125
20,301,0.624889967242
20,251,0.624893035586
20,201,0.629781265744
20,151,0.638087150888
20,101,0.623045547583
20,51,0.636392044718
19,1,0.125
19,301,0.637382721638
19,251,0.637384167991
19,201,0.642574951462
19,151,0.651308316605
19,101,0.633157647828
19,51,0.641215127934
18,1,0.125
18,301,0.638067489845
18,251,0.638068826804
18,201,0.643275076566
18,151,0.652029427779
18,101,0.633701472171
18,51,0.641479883413
17,1,0.125
17,301,0.644994294002
17,251,0.644994926651
17,201,0.650494638831
17,151,0.659647272707
17,101,0.638010385734
17,51,0.642556626594
16,1,0.125
16,301,0.647166460269
16,251,0.647166758233
16,201,0.652950210216
16,151,0.662493816963
16,101,0.638532555867
16,51,0.642806280225
15,1,0.125
15,301,0.65847704698
15,251,0.65847711612
15,201,0.664534609112
15,151,0.674429470862
15,101,0.64709140404
15,51,0.646911597158
14,1,0.125
14,301,0.660668505902
14,251,0.660668537964
14,201,0.666990433453
14,151,0.677236761997
14,51,0.647194259084
14,101,0.647646233892
13,1,0.125
13,301,0.66791042046
13,251,0.66791042757
13,201,0.674715056112
13,151,0.685562308044
13,51,0.647777101785
13,101,0.650658628981
12,1,0.125
12,301,0.678118465066
12,251,0.678118468335
12,201,0.685158892504
12,151,0.696273249538
12,51,0.651614396564
12,101,0.658054062859
11,1,0.125
11,301,0.689080757459
11,251,0.689080757806
11,201,0.69654752127
11,151,0.708150314143
11,51,0.65534222852
11,101,0.664868228718
10,1,0.125
10,301,0.698436996615
10,251,0.69843699669
10,201,0.706467671451
10,151,0.718654898563
10,51,0.655796484759
10,101,0.66778749373
9,1,0.125
9,301,0.709734034782
9,251,0.70973403479
9,51,0.659439988491
9,101,0.674318439268
9,201,0.718103904681
9,151,0.730590614118
8,1,0.125
8,301,0.722302996811
8,251,0.722302996811
8,51,0.663006988533
8,101,0.680092140499
8,201,0.731239911073
8,151,0.744215087319
7,1,0.125
7,301,0.737498339701
7,251,0.737498339701
7,51,0.669496624784
7,101,0.689068238215
7,201,0.746886763145
7,151,0.760166113442
6,1,0.125
6,301,0.75095712954
6,51,0.672853491207
6,101,0.693886626642
6,251,0.75095712954
6,201,0.760826058172
6,151,0.774256864916
5,1,0.125
5,51,0.68147386533
5,101,0.70425093217
5,301,0.77157083646
5,251,0.77157083646
5,201,0.781803017629
5,151,0.795010563019
4,1,0.125
4,51,0.691577390244
4,101,0.715094667252
4,301,0.793353938606
4,251,0.793353938606
4,201,0.803575865926
4,151,0.815906106732
3,1,0.125
3,51,0.704068035749
3,101,0.726705608512
3,301,0.818664067693
3,251,0.818664067693
3,201,0.828043705897
3,151,0.838157330241
2,1,0.125
2,51,0.722680476377
2,101,0.740260622262
2,301,0.848477873321
2,251,0.848477873321
2,201,0.855126790706
2,151,0.860898818273
1,1,0.125
1,51,0.744257452242
1,101,0.749289234401
1,301,0.872072359423
1,251,0.872072359423
1,201,0.873484370591
1,151,0.874141205199
