300,0.594444444444
299,0.595317725753
298,0.596196868009
297,0.597081930415
296,0.597972972973
295,0.598870056497
294,0.59977324263
293,0.600682593857
292,0.601598173516
291,0.602520045819
290,0.603448275862
289,0.604382929642
288,0.605324074074
287,0.606271777003
286,0.607226107226
285,0.607691520754
284,0.60815834544
283,0.608626596243
282,0.609096288335
281,0.609567437103
280,0.610040058154
279,0.610514167319
278,0.610989780657
277,0.611466914459
276,0.611945585251
275,0.612425809801
274,0.61290760512
273,0.61339098847
272,0.613875977367
271,0.614362589582
270,0.614850843154
269,0.615340756387
268,0.61583234786
267,0.616325636429
266,0.616820641234
265,0.617317381706
264,0.617815877566
263,0.618316148838
262,0.618818215853
261,0.619322099249
260,0.619827819987
259,0.620335399347
258,0.620844858941
257,0.621356220718
256,0.621869506969
255,0.622384740334
254,0.622901943812
253,0.623421140763
252,0.623942354919
251,0.624465610391
250,0.624990931673
249,0.625518343655
248,0.626047871628
247,0.626579541292
246,0.627113378765
245,0.627649410592
244,0.628187663753
243,0.628728165672
242,0.629270944225
241,0.629816027753
240,0.630363445068
239,0.630913225463
238,0.631465398727
237,0.632019995148
236,0.632577045529
235,0.633136581198
234,0.633698634016
233,0.634263236395
232,0.634830421301
231,0.635400222275
230,0.635972673439
229,0.636547809511
228,0.63712566582
227,0.637706278316
226,0.638289683585
225,0.638875918864
224,0.639465022056
223,0.640057031741
222,0.640651987197
221,0.641249928412
220,0.6418508961
219,0.642454931721
218,0.643062077493
217,0.643672376414
216,0.644285872278
215,0.644902609693
214,0.645522634101
213,0.646145991798
212,0.646772729954
211,0.647402896631
210,0.648036540809
209,0.648673712404
208,0.649314462291
207,0.649958842331
206,0.65060690539
205,0.651258705365
204,0.651914297212
203,0.652573736967
202,0.653237081778
201,0.653904389929
200,0.654575720871
199,0.655251135248
198,0.65593069493
197,0.656614463045
196,0.657302504006
195,0.657994883551
194,0.65869166877
193,0.659392928146
192,0.660098731587
191,0.660809150466
190,0.661524257658
189,0.662244127581
188,0.662968836236
187,0.663698461249
186,0.664433081918
185,0.665172779252
184,0.665917636023
183,0.666667736812
182,0.667423168059
181,0.668184018114
180,0.668950377291
179,0.66972233792
178,0.67049999441
177,0.671283443299
176,0.672072783322
175,0.67286811547
174,0.673669543054
173,0.674477171778
172,0.675291109798
171,0.676111467806
170,0.676938359095
169,0.677771899641
168,0.67861220818
167,0.679459406292
166,0.680313618489
165,0.681174972299
164,0.682043598362
163,0.682919630521
162,0.683803205929
161,0.684694465141
160,0.685593552229
159,0.686500614889
158,0.687415804557
157,0.688339276524
156,0.689271190066
155,0.690211708568
154,0.69116099966
153,0.692119235353
152,0.693086592185
151,0.694063251371
150,0.695049398958
149,0.696045225987
148,0.697050928664
147,0.698066708532
146,0.699092772657
145,0.700129333816
144,0.701176610698
143,0.740133991882
142,0.741123686889
141,0.742124791256
140,0.743137549471
139,0.744162213055
138,0.745199040821
137,0.746248299138
136,0.747310262208
135,0.748385212361
134,0.74947344035
133,0.750575245678
132,0.751690936918
131,0.75282083207
130,0.753965258916
129,0.755124555402
128,0.756299070036
127,0.757489162301
126,0.758695203093
125,0.759917575177
124,0.761156673665
123,0.762412906518
122,0.763686695072
121,0.764978474594
120,0.766288694857
119,0.767617820753
118,0.768966332936
117,0.770334728488
116,0.771723521635
115,0.773133244488
114,0.774564447829
113,0.776017701936
112,0.777493597455
111,0.778992746316
110,0.780515782701
109,0.782063364064
108,0.783636172211
107,0.785234914435
106,0.786860324719
105,0.788513165007
104,0.79019422655
103,0.791904331325
102,0.793644333547
101,0.795415121257
100,0.79721761802
99,0.799052784717
98,0.800921621447
97,0.802825169553
96,0.804764513764
95,0.824380015186
94,0.826306259569
93,0.82827183816
92,0.830278033597
91,0.832326184896
90,0.834417690586
89,0.836554012052
88,0.838736677103
87,0.840967283794
86,0.843247504509
85,0.84557909033
84,0.847963875725
83,0.850403783571
82,0.852900830543
81,0.855457132904
80,0.858074912732
79,0.860756504613
78,0.863504362859
77,0.866321069274
76,0.867420026038
75,0.868518982802
74,0.869617939566
73,0.87071689633
72,0.871815853094
71,0.879838930478
70,0.880885999955
69,0.881933069431
68,0.882980138907
67,0.884027208383
66,0.88507427786
65,0.886121347336
64,0.887168416812
63,0.888215486288
62,0.889262555765
61,0.890309625241
60,0.891356694717
59,0.892403764194
58,0.89345083367
57,0.897084899649
56,0.89810645884
55,0.89912801803
54,0.90014957722
53,0.901171136411
52,0.902192695601
51,0.903214254792
50,0.904235813982
49,0.905257373173
48,0.906278932363
47,0.908236919487
46,0.909246982816
45,0.910257046146
44,0.911267109475
43,0.912277172804
42,0.913287236133
41,0.914297299462
40,0.915642678925
39,0.91664782196
38,0.956083855416
37,0.956815793068
36,0.957547730721
35,0.958399333182
34,0.959129235499
33,0.959859137817
32,0.960589040135
31,0.961361350488
30,0.962090431027
29,0.962819511566
28,0.963563636212
27,0.964292390912
26,0.96502652797
25,0.984233773851
24,0.984631243118
23,0.98503056897
22,0.985428657133
21,0.985826058283
20,0.986223691368
19,0.994219739488
18,0.994412414879
17,0.994605118387
16,0.994797802629
15,0.997915619435
14,0.998003198885
13,0.998090778085
12,0.999261151821
11,0.999719747246
10,0.999735960216
9,0.999902301069
8,0.999964473116
7,0.99999509974
6,0.99999829172
5,0.999999915734
4,0.999999998514
3,0.999999999997
1,1.0
2,1.0
