300,0.604444444444
299,0.605351170569
298,0.606263982103
297,0.607182940516
296,0.608108108108
295,0.609039548023
294,0.609977324263
293,0.610921501706
292,0.611872146119
291,0.61282932417
290,0.613793103448
289,0.61476355248
288,0.615740740741
287,0.616724738676
286,0.617715617716
285,0.618196349037
284,0.618678635512
283,0.619162493626
282,0.619647940099
281,0.620134991888
280,0.620623666193
279,0.621113980461
278,0.621605952389
277,0.62209959993
276,0.622594941298
275,0.623091994969
274,0.623590779693
273,0.624091314492
272,0.624593618667
271,0.625097711807
270,0.625603613789
269,0.626111344785
268,0.62662092527
267,0.627132376024
266,0.62764571814
265,0.628160973031
264,0.628678162433
263,0.629197308411
262,0.62971843337
261,0.630241560057
260,0.630766711568
259,0.631293911357
258,0.63182318324
257,0.632354551407
256,0.632888040423
255,0.633423675238
254,0.633961481198
253,0.634501484047
252,0.635043709937
251,0.635588185441
250,0.636134937552
249,0.6366839937
248,0.637235381756
247,0.637789130043
246,0.638345267345
245,0.638903822914
244,0.639464826484
243,0.640028308276
242,0.640594299013
241,0.641162829926
240,0.641733932767
239,0.642307639819
238,0.64288398391
237,0.64346299842
236,0.644044717293
235,0.644629175055
234,0.645216406818
233,0.645806448301
232,0.646399335835
231,0.646995106382
230,0.647593797546
229,0.64819544759
228,0.648800095445
227,0.649407780731
226,0.650018543766
225,0.650632425589
224,0.651249467967
223,0.651869713421
222,0.652493205234
221,0.653119987475
220,0.653750105014
219,0.654383603539
218,0.655020529578
217,0.655660930516
216,0.656304854615
215,0.656952351036
214,0.657603469858
213,0.6582582621
212,0.658916779745
211,0.659579075761
210,0.660245204125
209,0.660915219846
208,0.661589178992
207,0.662267138714
206,0.662949157273
205,0.663635294067
204,0.664325609657
203,0.6650201658
202,0.665719025474
201,0.66642225291
200,0.667129913626
199,0.667842074454
198,0.668558803578
197,0.669280170566
196,0.670006246405
195,0.670737103541
194,0.671472815909
193,0.672213458981
192,0.672959109797
191,0.673709847015
190,0.674465750946
189,0.6752269036
188,0.675993388734
187,0.676765291897
186,0.677542700475
185,0.678325703745
184,0.679114392926
183,0.679908861228
182,0.680709203913
181,0.681515518346
180,0.682327904055
179,0.683146462794
178,0.683971298604
177,0.684802517874
176,0.685640229414
175,0.68648454452
174,0.687335577046
173,0.68819344348
172,0.689058263018
171,0.689930157643
170,0.690809252211
169,0.691695674531
168,0.692589555456
167,0.693491028972
166,0.694400232296
165,0.695317305968
164,0.69624239396
163,0.697175643773
162,0.698117206553
161,0.699067237199
160,0.700025894485
159,0.700993341176
158,0.701969744161
157,0.702955274578
156,0.703950107955
155,0.70495442435
154,0.705968408497
153,0.706992249959
152,0.708026143288
151,0.709070288191
150,0.710124889699
149,0.711190158348
148,0.712266310364
147,0.713353567856
146,0.714452159018
145,0.715562318341
144,0.716684286828
143,0.754983943795
142,0.756044859302
141,0.75711834839
140,0.758204680494
139,0.7593041328
138,0.760416990532
137,0.761543547237
136,0.762684105101
135,0.763838975258
134,0.765008478134
133,0.76619294379
132,0.767392712289
131,0.768608134079
130,0.769839570388
129,0.771087393648
128,0.772351987927
127,0.773633749392
126,0.774933086785
125,0.776250421929
124,0.777586190252
123,0.778940841344
122,0.780314839537
121,0.781708664509
120,0.783122811931
119,0.784557794133
118,0.786014140813
117,0.787492399778
116,0.788993137726
115,0.790516941064
114,0.792064416776
113,0.793636193332
112,0.795232921649
111,0.796855276097
110,0.798503955572
109,0.800179684615
108,0.801883214603
107,0.803615325002
106,0.805376824692
105,0.807168553366
104,0.808991383015
103,0.810846219492
102,0.812734004174
101,0.814655715721
100,0.81661237194
99,0.818605031758
98,0.820634797328
97,0.82270281625
96,0.824810283941
95,0.843563139214
94,0.845666665769
93,0.847813540227
92,0.850005176106
91,0.852243049059
90,0.85452870032
89,0.856863740394
88,0.859249852991
87,0.861688799233
86,0.864182422154
85,0.866732651518
84,0.869341508984
83,0.872011113641
82,0.874743687947
81,0.87754156411
80,0.880407190951
79,0.88334314128
78,0.886352119847
77,0.889436971907
76,0.890431655744
75,0.891426339582
74,0.892421023419
73,0.893415707257
72,0.894410391094
71,0.901662016947
70,0.902608168784
69,0.903554320622
68,0.904500472459
67,0.905446624297
66,0.906392776134
65,0.907338927972
64,0.908285079809
63,0.909231231647
62,0.910177383484
61,0.911123535322
60,0.912069687159
59,0.913015838997
58,0.913961990834
57,0.91715251461
56,0.918075846054
55,0.918999177498
54,0.919922508942
53,0.920845840387
52,0.921769171831
51,0.922692503275
50,0.923615834719
49,0.924539166163
48,0.925462497607
47,0.927165602411
46,0.928079081998
45,0.928992561585
44,0.929906041171
43,0.930819520758
42,0.931733000345
41,0.932646479932
40,0.933827982444
39,0.934737419383
38,0.970377450469
37,0.970921798082
36,0.971466145696
35,0.972102317736
34,0.972645061419
33,0.973187805101
32,0.973730548784
31,0.974304530872
30,0.974846653277
29,0.975388775682
28,0.975941537182
27,0.976483423221
26,0.977028964581
25,0.991276218249
24,0.991519000263
23,0.991762992045
22,0.992006159341
21,0.992248896357
20,0.992491772686
19,0.997370592731
18,0.99746726536
17,0.997563953546
16,0.99766063084
15,0.999221818986
14,0.999257914168
13,0.999294009228
12,0.999774025382
11,0.999929280607
10,0.999933789282
9,0.999979837988
8,0.999993977581
7,0.999999437028
6,0.999999839497
5,0.9999999956
4,0.999999999965
3,1.0
1,1.0
2,1.0
