300,0.598888888889
299,0.59977703456
298,0.60067114094
297,0.601571268238
296,0.602477477477
295,0.603389830508
294,0.604308390023
293,0.605233219568
292,0.606164383562
291,0.607101947308
290,0.608045977011
289,0.608996539792
288,0.609953703704
287,0.610917537747
286,0.611888111888
285,0.612380456094
284,0.612874384253
283,0.613369913156
282,0.613867059831
281,0.614365841551
280,0.614866275834
279,0.615368380449
278,0.615872173421
277,0.616377673037
276,0.616884897845
275,0.617393866668
274,0.617904598599
273,0.618417113013
272,0.618931429571
271,0.619447568222
270,0.619965549212
269,0.620485393087
268,0.621007120701
267,0.621530753218
266,0.622056312124
265,0.622583819225
264,0.623113296661
263,0.623644766907
262,0.624178252781
261,0.624713777452
260,0.625251364444
259,0.625791037645
258,0.626332821313
257,0.626876740084
256,0.627422818979
255,0.627971083411
254,0.628521559194
253,0.629074272548
252,0.629629250112
251,0.630186518948
250,0.630746106551
249,0.631308040859
248,0.631872350258
247,0.632439063596
246,0.63300821019
245,0.633579819834
244,0.634153922812
243,0.634730549905
242,0.635309732405
241,0.635891502121
240,0.636475891394
239,0.637062933104
238,0.637652660687
237,0.63824510814
236,0.638840310039
235,0.639438301545
234,0.640039118424
233,0.640642797054
232,0.64124937444
231,0.641858888228
230,0.642471376719
229,0.643086878883
228,0.643705434374
227,0.644327083544
226,0.644951867459
225,0.645579827916
224,0.646211007459
223,0.646845449392
222,0.647483197804
221,0.648124297576
220,0.648768794412
219,0.649416734844
218,0.650068166263
217,0.65072313693
216,0.651381696003
215,0.652043893551
214,0.652709780582
213,0.653379409059
212,0.654052831929
211,0.654730103139
210,0.655411277667
209,0.656096411539
208,0.656785561863
207,0.657478786848
206,0.658176145834
205,0.658877699317
204,0.659583508983
203,0.66029363773
202,0.661008149702
201,0.661727110322
200,0.662450586319
199,0.663178645763
198,0.663911358102
197,0.664648794191
196,0.665391026333
195,0.666138128312
194,0.666890175437
193,0.667647244574
192,0.668409414192
191,0.669176764404
190,0.669949377009
189,0.670727335536
188,0.671510725292
187,0.672299633411
186,0.673094148897
185,0.673894362681
184,0.67470036767
183,0.675512258802
182,0.676330133101
181,0.677154089735
180,0.677984230077
179,0.678820657765
178,0.679663478764
177,0.680512801437
176,0.681368736607
175,0.682231397631
174,0.683100900472
173,0.683977363774
172,0.684860908942
171,0.685751660217
170,0.686649744767
169,0.687555292768
168,0.688468437497
167,0.68938931542
166,0.690318066295
165,0.691254833267
164,0.69219976297
163,0.693153005641
162,0.694114715221
161,0.695085049481
160,0.696064170132
159,0.697052242956
158,0.698049437931
157,0.699055929364
156,0.700071896035
155,0.701097521335
154,0.702132993419
153,0.703178505361
152,0.704234255316
151,0.705300446689
150,0.706377288308
149,0.707464994607
148,0.708563785817
147,0.70967388816
146,0.710795534056
145,0.711928962338
144,0.713074418473
143,0.752473633593
142,0.75356723583
141,0.754673644493
140,0.755793134005
139,0.756925986687
138,0.758072493043
137,0.759232952057
136,0.760407671509
135,0.761596968298
134,0.762801168782
133,0.764020609135
132,0.765255635717
131,0.766506605464
130,0.767773886297
129,0.769057857542
128,0.770358910382
127,0.771677448318
126,0.773013887662
125,0.774368658047
124,0.775742202968
123,0.777134980339
122,0.77854746309
121,0.779980139783
120,0.781433515268
119,0.782908111362
118,0.784404467572
117,0.785923141851
116,0.787464711389
115,0.789029773454
114,0.790618946271
113,0.792232869949
112,0.793872207455
111,0.795537645652
110,0.797229896375
109,0.798949697585
108,0.800697814572
107,0.802475041237
106,0.804282201439
105,0.806120150421
104,0.807989776322
103,0.80989200177
102,0.811827785575
101,0.81379812452
100,0.81580405526
99,0.817846656334
98,0.819927050303
97,0.822046406019
96,0.824205941037
95,0.844562114974
94,0.846717163991
93,0.84891636365
92,0.851161153645
91,0.853453036956
90,0.855793583358
89,0.858184433182
88,0.860627301316
87,0.863123981496
86,0.865676350885
85,0.868286374985
84,0.870956112893
83,0.87368772294
82,0.87648346874
81,0.879345725692
80,0.882276987963
79,0.885279876009
78,0.888357144667
77,0.891511691884
76,0.892497206319
75,0.893482720754
74,0.89446823519
73,0.895453749625
72,0.89643926406
71,0.904694176398
70,0.905626171167
69,0.906558165936
68,0.907490160705
67,0.908422155474
66,0.909354150243
65,0.910286145012
64,0.91121813978
63,0.912150134549
62,0.913082129318
61,0.914014124087
60,0.914946118856
59,0.915878113625
58,0.916810108394
57,0.920512326012
56,0.921417428708
55,0.922322531404
54,0.9232276341
53,0.924132736796
52,0.925037839492
51,0.925942942188
50,0.926848044884
49,0.927753147579
48,0.928658250275
47,0.930586248978
46,0.931478977322
45,0.932371705666
44,0.933264434009
43,0.934157162353
42,0.935049890697
41,0.935942619041
40,0.937208972121
39,0.938096294527
38,0.972807907318
37,0.973316599608
36,0.973825291898
35,0.974469986493
34,0.974976396749
33,0.975482807005
32,0.975989217261
31,0.976544790619
30,0.977050260736
29,0.977555730853
28,0.978078989683
27,0.978584079473
26,0.97909565978
25,0.992365841787
24,0.992582299788
23,0.992801042018
22,0.993018278446
21,0.993234653234
20,0.993451324875
19,0.997799245152
18,0.997881670195
17,0.997964132686
16,0.998046569798
15,0.999377117469
14,0.999406554882
13,0.999435991943
12,0.99982708014
11,0.99994819133
10,0.99995155553
9,0.999985884094
8,0.999995966884
7,0.999999654753
6,0.999999905933
5,0.999999997742
4,0.999999999985
3,1.0
1,1.0
2,1.0
