600,1,0.00146316666667
600,10,0.0146316666667
600,20,0.0292633333333
600,30,0.043895
600,40,0.0585266666667
600,50,0.0731583333333
590,1,0.00148796610169
590,10,0.0148796610169
590,20,0.0297593220339
590,30,0.0446389830508
590,40,0.0595186440678
590,50,0.0743983050847
580,1,0.00151362068966
580,10,0.0151362068966
580,20,0.0302724137931
580,30,0.0454086206897
580,40,0.0605448275862
580,50,0.0756810344828
570,1,0.0015401754386
570,10,0.015401754386
570,20,0.0308035087719
570,30,0.0462052631579
570,40,0.0616070175439
570,50,0.0770087719298
560,1,0.00156767857143
560,10,0.0156767857143
560,20,0.0313535714286
560,30,0.0470303571429
560,40,0.0627071428571
560,50,0.0783839285714
550,1,0.00159618181818
550,10,0.0159618181818
550,20,0.0319236363636
550,30,0.0478854545455
550,40,0.0638472727273
550,50,0.0798090909091
540,1,0.00162574074074
540,10,0.0162574074074
540,20,0.0325148148148
540,30,0.0487722222222
540,40,0.0650296296296
540,50,0.081287037037
530,1,0.00165641509434
530,10,0.0165641509434
530,20,0.0331283018868
530,30,0.0496924528302
530,40,0.0662566037736
530,50,0.082820754717
520,1,0.00168826923077
520,10,0.0168826923077
520,20,0.0337653846154
520,30,0.0506480769231
520,40,0.0675307692308
520,50,0.0844134615385
510,1,0.00172137254902
510,10,0.0172137254902
510,20,0.0344274509804
510,30,0.0516411764706
510,40,0.0688549019608
510,50,0.086068627451
500,1,0.0017558
500,10,0.017558
500,20,0.035116
500,30,0.052674
500,40,0.070232
500,50,0.08779
490,1,0.00179163265306
490,10,0.0179163265306
490,20,0.0358326530612
490,30,0.0537489795918
490,40,0.0716653061224
490,50,0.0895816326531
480,1,0.00182895833333
480,10,0.0182895833333
480,20,0.0365791666667
480,30,0.05486875
480,40,0.0731583333333
480,50,0.0914479166667
470,1,0.00186787234043
470,10,0.0186787234043
470,20,0.0373574468085
470,30,0.0560361702128
470,40,0.074714893617
470,50,0.0933936170213
460,1,0.00190847826087
460,10,0.0190847826087
460,20,0.0381695652174
460,30,0.0572543478261
460,40,0.0763391304348
460,50,0.0954239130435
450,1,0.00195088888889
450,10,0.0195088888889
450,20,0.0390177777778
450,30,0.0585266666667
450,40,0.0780355555556
450,50,0.0975444444444
440,1,0.00199522727273
440,10,0.0199522727273
440,20,0.0399045454545
440,30,0.0598568181818
440,40,0.0798090909091
440,50,0.0997613636364
430,1,0.00204162790698
430,10,0.0204162790698
430,20,0.0408325581395
430,30,0.0612488372093
430,40,0.0816651162791
430,50,0.102081395349
420,1,0.00209023809524
420,10,0.0209023809524
420,20,0.0418047619048
420,30,0.0627071428571
420,40,0.0836095238095
420,50,0.104511904762
410,1,0.0021412195122
410,10,0.021412195122
410,20,0.0428243902439
410,30,0.0642365853659
410,40,0.0856487804878
410,50,0.10706097561
400,1,0.00219475
400,10,0.0219475
400,20,0.043895
400,30,0.0658425
400,40,0.08779
400,50,0.1097375
390,1,0.00225102564103
390,10,0.0225102564103
390,20,0.0450205128205
390,30,0.0675307692308
390,40,0.090041025641
390,50,0.112551282051
380,1,0.00231026315789
380,10,0.0231026315789
380,20,0.0462052631579
380,30,0.0693078947368
380,40,0.0924105263158
380,50,0.115513157895
370,1,0.0023727027027
370,10,0.023727027027
370,20,0.0474540540541
370,30,0.0711810810811
370,40,0.0949081081081
370,50,0.118635135135
360,1,0.00243861111111
360,10,0.0243861111111
360,20,0.0487722222222
360,30,0.0731583333333
360,40,0.0975444444444
360,50,0.121930555556
350,1,0.00250828571429
350,10,0.0250828571429
350,20,0.0501657142857
350,30,0.0752485714286
350,40,0.100331428571
350,50,0.125414285714
340,1,0.00258205882353
340,10,0.0258205882353
340,20,0.0516411764706
340,30,0.0774617647059
340,40,0.103282352941
340,50,0.129102941176
330,1,0.0026603030303
330,10,0.026603030303
330,20,0.0532060606061
330,30,0.0798090909091
330,40,0.106412121212
330,50,0.133015151515
320,1,0.0027434375
320,10,0.027434375
320,20,0.05486875
320,30,0.082303125
320,40,0.1097375
320,50,0.137171875
310,1,0.00283193548387
310,10,0.0283193548387
310,20,0.0566387096774
310,30,0.0849580645161
310,40,0.113277419355
310,50,0.141596774194
300,1,0.00292633333333
300,10,0.0292633333333
300,20,0.0585266666667
300,30,0.08779
300,40,0.117053333333
300,50,0.146316666667
290,1,0.00302724137931
290,10,0.0302724137931
290,20,0.0605448275862
290,30,0.0908172413793
290,40,0.121089655172
290,50,0.151362068966
280,1,0.00313535714286
280,10,0.0313535714286
280,20,0.0627071428571
280,30,0.0940607142857
280,40,0.125414285714
280,50,0.156767857143
270,1,0.00325148148148
270,10,0.0325148148148
270,20,0.0650296296296
270,30,0.0975444444444
270,40,0.130059259259
270,50,0.162574074074
260,1,0.00337653846154
260,10,0.0337653846154
260,20,0.0675307692308
260,30,0.101296153846
260,40,0.135061538462
260,50,0.168826923077
250,1,0.0035116
250,10,0.035116
250,20,0.070232
250,30,0.105348
250,40,0.140464
250,50,0.17558
240,1,0.00365791666667
240,10,0.0365791666667
240,20,0.0731583333333
240,30,0.1097375
240,40,0.146316666667
240,50,0.182895833333
230,1,0.00381695652174
230,10,0.0381695652174
230,20,0.0763391304348
230,30,0.114508695652
230,40,0.15267826087
230,50,0.190847826087
220,1,0.00399045454545
220,10,0.0399045454545
220,20,0.0798090909091
220,30,0.119713636364
220,40,0.159618181818
220,50,0.199522727273
210,1,0.00418047619048
210,10,0.0418047619048
210,20,0.0836095238095
210,30,0.125414285714
210,40,0.167219047619
210,50,0.209023809524
200,1,0.0043895
200,10,0.043895
200,20,0.08779
200,30,0.131685
200,40,0.17558
200,50,0.219475
190,1,0.00462052631579
190,10,0.0462052631579
190,20,0.0924105263158
190,30,0.138615789474
190,40,0.184821052632
190,50,0.231026315789
180,1,0.00487722222222
180,10,0.0487722222222
180,20,0.0975444444444
180,30,0.146316666667
180,40,0.195088888889
180,50,0.243861111111
170,1,0.00516411764706
170,10,0.0516411764706
170,20,0.103282352941
170,30,0.154923529412
170,40,0.206564705882
170,50,0.258205882353
160,1,0.005486875
160,10,0.05486875
160,20,0.1097375
160,30,0.16460625
160,40,0.219475
160,50,0.27434375
150,1,0.00585266666667
150,10,0.0585266666667
150,20,0.117053333333
150,30,0.17558
150,40,0.234106666667
150,50,0.292633333333
140,1,0.00627071428571
140,10,0.0627071428571
140,20,0.125414285714
140,30,0.188121428571
140,40,0.250828571429
140,50,0.313535714286
130,1,0.00675307692308
130,10,0.0675307692308
130,20,0.135061538462
130,30,0.202592307692
130,40,0.270123076923
130,50,0.337653846154
120,1,0.00731583333333
120,10,0.0731583333333
120,20,0.146316666667
120,30,0.219475
120,40,0.292633333333
120,50,0.365791666667
110,1,0.00798090909091
110,10,0.0798090909091
110,20,0.159618181818
110,30,0.239427272727
110,40,0.319236363636
110,50,0.399045454545
100,1,0.008779
100,10,0.08779
100,20,0.17558
100,30,0.26337
100,40,0.35116
100,50,0.43895
90,1,0.00975444444444
90,10,0.0975444444444
90,20,0.195088888889
90,30,0.292633333333
90,40,0.390177777778
90,50,0.487722222222
80,1,0.01097375
80,10,0.1097375
80,20,0.219475
80,30,0.3292125
80,40,0.43895
80,50,0.5486875
70,1,0.0125414285714
70,10,0.125414285714
70,20,0.250828571429
70,30,0.376242857143
70,40,0.501657142857
70,50,0.627071428571
60,1,0.0146316666667
60,10,0.146316666667
60,20,0.292633333333
60,30,0.43895
60,40,0.585266666667
60,50,0.731583333333
50,1,0.017558
50,10,0.17558
50,20,0.35116
50,30,0.52674
50,40,0.70232
50,50,0.8779
40,1,0.0219475
40,10,0.219475
40,20,0.43895
40,30,0.658425
40,40,0.8779
40,50,0.899338318
30,1,0.0292633333333
30,10,0.292633333333
30,20,0.585266666667
30,30,0.8779
30,40,0.9046978975
30,50,0.920776636
20,1,0.043895
20,10,0.43895
20,20,0.8779
20,30,0.91363053
20,40,0.98509159
20,50,0.987709208628
10,1,0.08779
10,10,0.8779
10,20,0.98509159
10,30,0.998179683139
10,40,0.999777739311
10,50,0.99997286197
