600,1,0.00147233333333
600,10,0.0147233333333
600,20,0.0294466666667
600,30,0.04417
600,40,0.0588933333333
600,50,0.0736166666667
590,1,0.00149728813559
590,10,0.0149728813559
590,20,0.0299457627119
590,30,0.0449186440678
590,40,0.0598915254237
590,50,0.0748644067797
580,1,0.00152310344828
580,10,0.0152310344828
580,20,0.0304620689655
580,30,0.0456931034483
580,40,0.060924137931
580,50,0.0761551724138
570,1,0.0015498245614
570,10,0.015498245614
570,20,0.0309964912281
570,30,0.0464947368421
570,40,0.0619929824561
570,50,0.0774912280702
560,1,0.0015775
560,10,0.015775
560,20,0.03155
560,30,0.047325
560,40,0.0631
560,50,0.078875
550,1,0.00160618181818
550,10,0.0160618181818
550,20,0.0321236363636
550,30,0.0481854545455
550,40,0.0642472727273
550,50,0.0803090909091
540,1,0.00163592592593
540,10,0.0163592592593
540,20,0.0327185185185
540,30,0.0490777777778
540,40,0.065437037037
540,50,0.0817962962963
530,1,0.00166679245283
530,10,0.0166679245283
530,20,0.0333358490566
530,30,0.0500037735849
530,40,0.0666716981132
530,50,0.0833396226415
520,1,0.00169884615385
520,10,0.0169884615385
520,20,0.0339769230769
520,30,0.0509653846154
520,40,0.0679538461538
520,50,0.0849423076923
510,1,0.00173215686275
510,10,0.0173215686275
510,20,0.0346431372549
510,30,0.0519647058824
510,40,0.0692862745098
510,50,0.0866078431373
500,1,0.0017668
500,10,0.017668
500,20,0.035336
500,30,0.053004
500,40,0.070672
500,50,0.08834
490,1,0.00180285714286
490,10,0.0180285714286
490,20,0.0360571428571
490,30,0.0540857142857
490,40,0.0721142857143
490,50,0.0901428571429
480,1,0.00184041666667
480,10,0.0184041666667
480,20,0.0368083333333
480,30,0.0552125
480,40,0.0736166666667
480,50,0.0920208333333
470,1,0.00187957446809
470,10,0.0187957446809
470,20,0.0375914893617
470,30,0.0563872340426
470,40,0.0751829787234
470,50,0.0939787234043
460,1,0.00192043478261
460,10,0.0192043478261
460,20,0.0384086956522
460,30,0.0576130434783
460,40,0.0768173913043
460,50,0.0960217391304
450,1,0.00196311111111
450,10,0.0196311111111
450,20,0.0392622222222
450,30,0.0588933333333
450,40,0.0785244444444
450,50,0.0981555555556
440,1,0.00200772727273
440,10,0.0200772727273
440,20,0.0401545454545
440,30,0.0602318181818
440,40,0.0803090909091
440,50,0.100386363636
430,1,0.00205441860465
430,10,0.0205441860465
430,20,0.041088372093
430,30,0.0616325581395
430,40,0.082176744186
430,50,0.102720930233
420,1,0.00210333333333
420,10,0.0210333333333
420,20,0.0420666666667
420,30,0.0631
420,40,0.0841333333333
420,50,0.105166666667
410,1,0.00215463414634
410,10,0.0215463414634
410,20,0.0430926829268
410,30,0.0646390243902
410,40,0.0861853658537
410,50,0.107731707317
400,1,0.0022085
400,10,0.022085
400,20,0.04417
400,30,0.066255
400,40,0.08834
400,50,0.110425
390,1,0.00226512820513
390,10,0.0226512820513
390,20,0.0453025641026
390,30,0.0679538461538
390,40,0.0906051282051
390,50,0.113256410256
380,1,0.00232473684211
380,10,0.0232473684211
380,20,0.0464947368421
380,30,0.0697421052632
380,40,0.0929894736842
380,50,0.116236842105
370,1,0.00238756756757
370,10,0.0238756756757
370,20,0.0477513513514
370,30,0.071627027027
370,40,0.0955027027027
370,50,0.119378378378
360,1,0.00245388888889
360,10,0.0245388888889
360,20,0.0490777777778
360,30,0.0736166666667
360,40,0.0981555555556
360,50,0.122694444444
350,1,0.002524
350,10,0.02524
350,20,0.05048
350,30,0.07572
350,40,0.10096
350,50,0.1262
340,1,0.00259823529412
340,10,0.0259823529412
340,20,0.0519647058824
340,30,0.0779470588235
340,40,0.103929411765
340,50,0.129911764706
330,1,0.00267696969697
330,10,0.0267696969697
330,20,0.0535393939394
330,30,0.0803090909091
330,40,0.107078787879
330,50,0.133848484848
320,1,0.002760625
320,10,0.02760625
320,20,0.0552125
320,30,0.08281875
320,40,0.110425
320,50,0.13803125
310,1,0.00284967741935
310,10,0.0284967741935
310,20,0.0569935483871
310,30,0.0854903225806
310,40,0.113987096774
310,50,0.142483870968
300,1,0.00294466666667
300,10,0.0294466666667
300,20,0.0588933333333
300,30,0.08834
300,40,0.117786666667
300,50,0.147233333333
290,1,0.00304620689655
290,10,0.0304620689655
290,20,0.060924137931
290,30,0.0913862068966
290,40,0.121848275862
290,50,0.152310344828
280,1,0.003155
280,10,0.03155
280,20,0.0631
280,30,0.09465
280,40,0.1262
280,50,0.15775
270,1,0.00327185185185
270,10,0.0327185185185
270,20,0.065437037037
270,30,0.0981555555556
270,40,0.130874074074
270,50,0.163592592593
260,1,0.00339769230769
260,10,0.0339769230769
260,20,0.0679538461538
260,30,0.101930769231
260,40,0.135907692308
260,50,0.169884615385
250,1,0.0035336
250,10,0.035336
250,20,0.070672
250,30,0.106008
250,40,0.141344
250,50,0.17668
240,1,0.00368083333333
240,10,0.0368083333333
240,20,0.0736166666667
240,30,0.110425
240,40,0.147233333333
240,50,0.184041666667
230,1,0.00384086956522
230,10,0.0384086956522
230,20,0.0768173913043
230,30,0.115226086957
230,40,0.153634782609
230,50,0.192043478261
220,1,0.00401545454545
220,10,0.0401545454545
220,20,0.0803090909091
220,30,0.120463636364
220,40,0.160618181818
220,50,0.200772727273
210,1,0.00420666666667
210,10,0.0420666666667
210,20,0.0841333333333
210,30,0.1262
210,40,0.168266666667
210,50,0.210333333333
200,1,0.004417
200,10,0.04417
200,20,0.08834
200,30,0.13251
200,40,0.17668
200,50,0.22085
190,1,0.00464947368421
190,10,0.0464947368421
190,20,0.0929894736842
190,30,0.139484210526
190,40,0.185978947368
190,50,0.232473684211
180,1,0.00490777777778
180,10,0.0490777777778
180,20,0.0981555555556
180,30,0.147233333333
180,40,0.196311111111
180,50,0.245388888889
170,1,0.00519647058824
170,10,0.0519647058824
170,20,0.103929411765
170,30,0.155894117647
170,40,0.207858823529
170,50,0.259823529412
160,1,0.00552125
160,10,0.0552125
160,20,0.110425
160,30,0.1656375
160,40,0.22085
160,50,0.2760625
150,1,0.00588933333333
150,10,0.0588933333333
150,20,0.117786666667
150,30,0.17668
150,40,0.235573333333
150,50,0.294466666667
140,1,0.00631
140,10,0.0631
140,20,0.1262
140,30,0.1893
140,40,0.2524
140,50,0.3155
130,1,0.00679538461538
130,10,0.0679538461538
130,20,0.135907692308
130,30,0.203861538462
130,40,0.271815384615
130,50,0.339769230769
120,1,0.00736166666667
120,10,0.0736166666667
120,20,0.147233333333
120,30,0.22085
120,40,0.294466666667
120,50,0.368083333333
110,1,0.00803090909091
110,10,0.0803090909091
110,20,0.160618181818
110,30,0.240927272727
110,40,0.321236363636
110,50,0.401545454545
100,1,0.008834
100,10,0.08834
100,20,0.17668
100,30,0.26502
100,40,0.35336
100,50,0.4417
90,1,0.00981555555556
90,10,0.0981555555556
90,20,0.196311111111
90,30,0.294466666667
90,40,0.392622222222
90,50,0.490777777778
80,1,0.0110425
80,10,0.110425
80,20,0.22085
80,30,0.331275
80,40,0.4417
80,50,0.552125
70,1,0.01262
70,10,0.1262
70,20,0.2524
70,30,0.3786
70,40,0.5048
70,50,0.631
60,1,0.0147233333333
60,10,0.147233333333
60,20,0.294466666667
60,30,0.4417
60,40,0.588933333333
60,50,0.736166666667
50,1,0.017668
50,10,0.17668
50,20,0.35336
50,30,0.53004
50,40,0.70672
50,50,0.8834
40,1,0.022085
40,10,0.22085
40,20,0.4417
40,30,0.66255
40,40,0.8834
40,50,0.904000888
30,1,0.0294466666667
30,10,0.294466666667
30,20,0.588933333333
30,30,0.8834
30,40,0.90915111
30,50,0.924601776
20,1,0.04417
20,10,0.4417
20,20,0.8834
20,30,0.917734813333
20,40,0.98640444
20,50,0.988806503541
10,1,0.08834
10,10,0.8834
10,20,0.98640444
10,30,0.998414757704
10,40,0.999815160748
10,50,0.999978447743
