600,1,0.00146083333333
600,10,0.0146083333333
600,20,0.0292166666667
600,30,0.043825
600,40,0.0584333333333
600,50,0.0730416666667
590,1,0.00148559322034
590,10,0.0148559322034
590,20,0.0297118644068
590,30,0.0445677966102
590,40,0.0594237288136
590,50,0.0742796610169
580,1,0.00151120689655
580,10,0.0151120689655
580,20,0.030224137931
580,30,0.0453362068966
580,40,0.0604482758621
580,50,0.0755603448276
570,1,0.00153771929825
570,10,0.0153771929825
570,20,0.0307543859649
570,30,0.0461315789474
570,40,0.0615087719298
570,50,0.0768859649123
560,1,0.00156517857143
560,10,0.0156517857143
560,20,0.0313035714286
560,30,0.0469553571429
560,40,0.0626071428571
560,50,0.0782589285714
550,1,0.00159363636364
550,10,0.0159363636364
550,20,0.0318727272727
550,30,0.0478090909091
550,40,0.0637454545455
550,50,0.0796818181818
540,1,0.00162314814815
540,10,0.0162314814815
540,20,0.032462962963
540,30,0.0486944444444
540,40,0.0649259259259
540,50,0.0811574074074
530,1,0.00165377358491
530,10,0.0165377358491
530,20,0.0330754716981
530,30,0.0496132075472
530,40,0.0661509433962
530,50,0.0826886792453
520,1,0.00168557692308
520,10,0.0168557692308
520,20,0.0337115384615
520,30,0.0505673076923
520,40,0.0674230769231
520,50,0.0842788461538
510,1,0.00171862745098
510,10,0.0171862745098
510,20,0.0343725490196
510,30,0.0515588235294
510,40,0.0687450980392
510,50,0.085931372549
500,1,0.001753
500,10,0.01753
500,20,0.03506
500,30,0.05259
500,40,0.07012
500,50,0.08765
490,1,0.0017887755102
490,10,0.017887755102
490,20,0.0357755102041
490,30,0.0536632653061
490,40,0.0715510204082
490,50,0.0894387755102
480,1,0.00182604166667
480,10,0.0182604166667
480,20,0.0365208333333
480,30,0.05478125
480,40,0.0730416666667
480,50,0.0913020833333
470,1,0.00186489361702
470,10,0.0186489361702
470,20,0.0372978723404
470,30,0.0559468085106
470,40,0.0745957446809
470,50,0.0932446808511
460,1,0.00190543478261
460,10,0.0190543478261
460,20,0.0381086956522
460,30,0.0571630434783
460,40,0.0762173913043
460,50,0.0952717391304
450,1,0.00194777777778
450,10,0.0194777777778
450,20,0.0389555555556
450,30,0.0584333333333
450,40,0.0779111111111
450,50,0.0973888888889
440,1,0.00199204545455
440,10,0.0199204545455
440,20,0.0398409090909
440,30,0.0597613636364
440,40,0.0796818181818
440,50,0.0996022727273
430,1,0.00203837209302
430,10,0.0203837209302
430,20,0.0407674418605
430,30,0.0611511627907
430,40,0.0815348837209
430,50,0.101918604651
420,1,0.0020869047619
420,10,0.020869047619
420,20,0.0417380952381
420,30,0.0626071428571
420,40,0.0834761904762
420,50,0.104345238095
410,1,0.00213780487805
410,10,0.0213780487805
410,20,0.042756097561
410,30,0.0641341463415
410,40,0.085512195122
410,50,0.106890243902
400,1,0.00219125
400,10,0.0219125
400,20,0.043825
400,30,0.0657375
400,40,0.08765
400,50,0.1095625
390,1,0.00224743589744
390,10,0.0224743589744
390,20,0.0449487179487
390,30,0.0674230769231
390,40,0.0898974358974
390,50,0.112371794872
380,1,0.00230657894737
380,10,0.0230657894737
380,20,0.0461315789474
380,30,0.0691973684211
380,40,0.0922631578947
380,50,0.115328947368
370,1,0.00236891891892
370,10,0.0236891891892
370,20,0.0473783783784
370,30,0.0710675675676
370,40,0.0947567567568
370,50,0.118445945946
360,1,0.00243472222222
360,10,0.0243472222222
360,20,0.0486944444444
360,30,0.0730416666667
360,40,0.0973888888889
360,50,0.121736111111
350,1,0.00250428571429
350,10,0.0250428571429
350,20,0.0500857142857
350,30,0.0751285714286
350,40,0.100171428571
350,50,0.125214285714
340,1,0.00257794117647
340,10,0.0257794117647
340,20,0.0515588235294
340,30,0.0773382352941
340,40,0.103117647059
340,50,0.128897058824
330,1,0.00265606060606
330,10,0.0265606060606
330,20,0.0531212121212
330,30,0.0796818181818
330,40,0.106242424242
330,50,0.132803030303
320,1,0.0027390625
320,10,0.027390625
320,20,0.05478125
320,30,0.082171875
320,40,0.1095625
320,50,0.136953125
310,1,0.00282741935484
310,10,0.0282741935484
310,20,0.0565483870968
310,30,0.0848225806452
310,40,0.113096774194
310,50,0.141370967742
300,1,0.00292166666667
300,10,0.0292166666667
300,20,0.0584333333333
300,30,0.08765
300,40,0.116866666667
300,50,0.146083333333
290,1,0.0030224137931
290,10,0.030224137931
290,20,0.0604482758621
290,30,0.0906724137931
290,40,0.120896551724
290,50,0.151120689655
280,1,0.00313035714286
280,10,0.0313035714286
280,20,0.0626071428571
280,30,0.0939107142857
280,40,0.125214285714
280,50,0.156517857143
270,1,0.0032462962963
270,10,0.032462962963
270,20,0.0649259259259
270,30,0.0973888888889
270,40,0.129851851852
270,50,0.162314814815
260,1,0.00337115384615
260,10,0.0337115384615
260,20,0.0674230769231
260,30,0.101134615385
260,40,0.134846153846
260,50,0.168557692308
250,1,0.003506
250,10,0.03506
250,20,0.07012
250,30,0.10518
250,40,0.14024
250,50,0.1753
240,1,0.00365208333333
240,10,0.0365208333333
240,20,0.0730416666667
240,30,0.1095625
240,40,0.146083333333
240,50,0.182604166667
230,1,0.00381086956522
230,10,0.0381086956522
230,20,0.0762173913043
230,30,0.114326086957
230,40,0.152434782609
230,50,0.190543478261
220,1,0.00398409090909
220,10,0.0398409090909
220,20,0.0796818181818
220,30,0.119522727273
220,40,0.159363636364
220,50,0.199204545455
210,1,0.00417380952381
210,10,0.0417380952381
210,20,0.0834761904762
210,30,0.125214285714
210,40,0.166952380952
210,50,0.20869047619
200,1,0.0043825
200,10,0.043825
200,20,0.08765
200,30,0.131475
200,40,0.1753
200,50,0.219125
190,1,0.00461315789474
190,10,0.0461315789474
190,20,0.0922631578947
190,30,0.138394736842
190,40,0.184526315789
190,50,0.230657894737
180,1,0.00486944444444
180,10,0.0486944444444
180,20,0.0973888888889
180,30,0.146083333333
180,40,0.194777777778
180,50,0.243472222222
170,1,0.00515588235294
170,10,0.0515588235294
170,20,0.103117647059
170,30,0.154676470588
170,40,0.206235294118
170,50,0.257794117647
160,1,0.005478125
160,10,0.05478125
160,20,0.1095625
160,30,0.16434375
160,40,0.219125
160,50,0.27390625
150,1,0.00584333333333
150,10,0.0584333333333
150,20,0.116866666667
150,30,0.1753
150,40,0.233733333333
150,50,0.292166666667
140,1,0.00626071428571
140,10,0.0626071428571
140,20,0.125214285714
140,30,0.187821428571
140,40,0.250428571429
140,50,0.313035714286
130,1,0.00674230769231
130,10,0.0674230769231
130,20,0.134846153846
130,30,0.202269230769
130,40,0.269692307692
130,50,0.337115384615
120,1,0.00730416666667
120,10,0.0730416666667
120,20,0.146083333333
120,30,0.219125
120,40,0.292166666667
120,50,0.365208333333
110,1,0.00796818181818
110,10,0.0796818181818
110,20,0.159363636364
110,30,0.239045454545
110,40,0.318727272727
110,50,0.398409090909
100,1,0.008765
100,10,0.08765
100,20,0.1753
100,30,0.26295
100,40,0.3506
100,50,0.43825
90,1,0.00973888888889
90,10,0.0973888888889
90,20,0.194777777778
90,30,0.292166666667
90,40,0.389555555556
90,50,0.486944444444
80,1,0.01095625
80,10,0.1095625
80,20,0.219125
80,30,0.3286875
80,40,0.43825
80,50,0.5478125
70,1,0.0125214285714
70,10,0.125214285714
70,20,0.250428571429
70,30,0.375642857143
70,40,0.500857142857
70,50,0.626071428571
60,1,0.0146083333333
60,10,0.146083333333
60,20,0.292166666667
60,30,0.43825
60,40,0.584333333333
60,50,0.730416666667
50,1,0.01753
50,10,0.1753
50,20,0.3506
50,30,0.5259
50,40,0.7012
50,50,0.8765
40,1,0.0219125
40,10,0.219125
40,20,0.43825
40,30,0.657375
40,40,0.8765
40,50,0.89814955
30,1,0.0292166666667
30,10,0.292166666667
30,20,0.584333333333
30,30,0.8765
30,40,0.9035619375
30,50,0.9197991
20,1,0.043825
20,10,0.43825
20,20,0.8765
20,30,0.912582583333
20,40,0.98474775
20,50,0.987421469425
10,1,0.08765
10,10,0.8765
10,20,0.98474775
10,30,0.998116347125
10,40,0.99976736887
10,50,0.999971270055
