600,1,0.00147
600,10,0.0147
600,20,0.0294
600,30,0.0441
600,40,0.0588
600,50,0.0735
590,1,0.00149491525424
590,10,0.0149491525424
590,20,0.0298983050847
590,30,0.0448474576271
590,40,0.0597966101695
590,50,0.0747457627119
580,1,0.00152068965517
580,10,0.0152068965517
580,20,0.0304137931034
580,30,0.0456206896552
580,40,0.0608275862069
580,50,0.0760344827586
570,1,0.00154736842105
570,10,0.0154736842105
570,20,0.0309473684211
570,30,0.0464210526316
570,40,0.0618947368421
570,50,0.0773684210526
560,1,0.001575
560,10,0.01575
560,20,0.0315
560,30,0.04725
560,40,0.063
560,50,0.07875
550,1,0.00160363636364
550,10,0.0160363636364
550,20,0.0320727272727
550,30,0.0481090909091
550,40,0.0641454545455
550,50,0.0801818181818
540,1,0.00163333333333
540,10,0.0163333333333
540,20,0.0326666666667
540,30,0.049
540,40,0.0653333333333
540,50,0.0816666666667
530,1,0.0016641509434
530,10,0.016641509434
530,20,0.0332830188679
530,30,0.0499245283019
530,40,0.0665660377358
530,50,0.0832075471698
520,1,0.00169615384615
520,10,0.0169615384615
520,20,0.0339230769231
520,30,0.0508846153846
520,40,0.0678461538462
520,50,0.0848076923077
510,1,0.00172941176471
510,10,0.0172941176471
510,20,0.0345882352941
510,30,0.0518823529412
510,40,0.0691764705882
510,50,0.0864705882353
500,1,0.001764
500,10,0.01764
500,20,0.03528
500,30,0.05292
500,40,0.07056
500,50,0.0882
490,1,0.0018
490,10,0.018
490,20,0.036
490,30,0.054
490,40,0.072
490,50,0.09
480,1,0.0018375
480,10,0.018375
480,20,0.03675
480,30,0.055125
480,40,0.0735
480,50,0.091875
470,1,0.00187659574468
470,10,0.0187659574468
470,20,0.0375319148936
470,30,0.0562978723404
470,40,0.0750638297872
470,50,0.093829787234
460,1,0.00191739130435
460,10,0.0191739130435
460,20,0.038347826087
460,30,0.0575217391304
460,40,0.0766956521739
460,50,0.0958695652174
450,1,0.00196
450,10,0.0196
450,20,0.0392
450,30,0.0588
450,40,0.0784
450,50,0.098
440,1,0.00200454545455
440,10,0.0200454545455
440,20,0.0400909090909
440,30,0.0601363636364
440,40,0.0801818181818
440,50,0.100227272727
430,1,0.0020511627907
430,10,0.020511627907
430,20,0.041023255814
430,30,0.0615348837209
430,40,0.0820465116279
430,50,0.102558139535
420,1,0.0021
420,10,0.021
420,20,0.042
420,30,0.063
420,40,0.084
420,50,0.105
410,1,0.0021512195122
410,10,0.021512195122
410,20,0.0430243902439
410,30,0.0645365853659
410,40,0.0860487804878
410,50,0.10756097561
400,1,0.002205
400,10,0.02205
400,20,0.0441
400,30,0.06615
400,40,0.0882
400,50,0.11025
390,1,0.00226153846154
390,10,0.0226153846154
390,20,0.0452307692308
390,30,0.0678461538462
390,40,0.0904615384615
390,50,0.113076923077
380,1,0.00232105263158
380,10,0.0232105263158
380,20,0.0464210526316
380,30,0.0696315789474
380,40,0.0928421052632
380,50,0.116052631579
370,1,0.00238378378378
370,10,0.0238378378378
370,20,0.0476756756757
370,30,0.0715135135135
370,40,0.0953513513514
370,50,0.119189189189
360,1,0.00245
360,10,0.0245
360,20,0.049
360,30,0.0735
360,40,0.098
360,50,0.1225
350,1,0.00252
350,10,0.0252
350,20,0.0504
350,30,0.0756
350,40,0.1008
350,50,0.126
340,1,0.00259411764706
340,10,0.0259411764706
340,20,0.0518823529412
340,30,0.0778235294118
340,40,0.103764705882
340,50,0.129705882353
330,1,0.00267272727273
330,10,0.0267272727273
330,20,0.0534545454545
330,30,0.0801818181818
330,40,0.106909090909
330,50,0.133636363636
320,1,0.00275625
320,10,0.0275625
320,20,0.055125
320,30,0.0826875
320,40,0.11025
320,50,0.1378125
310,1,0.00284516129032
310,10,0.0284516129032
310,20,0.0569032258065
310,30,0.0853548387097
310,40,0.113806451613
310,50,0.142258064516
300,1,0.00294
300,10,0.0294
300,20,0.0588
300,30,0.0882
300,40,0.1176
300,50,0.147
290,1,0.00304137931034
290,10,0.0304137931034
290,20,0.0608275862069
290,30,0.0912413793103
290,40,0.121655172414
290,50,0.152068965517
280,1,0.00315
280,10,0.0315
280,20,0.063
280,30,0.0945
280,40,0.126
280,50,0.1575
270,1,0.00326666666667
270,10,0.0326666666667
270,20,0.0653333333333
270,30,0.098
270,40,0.130666666667
270,50,0.163333333333
260,1,0.00339230769231
260,10,0.0339230769231
260,20,0.0678461538462
260,30,0.101769230769
260,40,0.135692307692
260,50,0.169615384615
250,1,0.003528
250,10,0.03528
250,20,0.07056
250,30,0.10584
250,40,0.14112
250,50,0.1764
240,1,0.003675
240,10,0.03675
240,20,0.0735
240,30,0.11025
240,40,0.147
240,50,0.18375
230,1,0.0038347826087
230,10,0.038347826087
230,20,0.0766956521739
230,30,0.115043478261
230,40,0.153391304348
230,50,0.191739130435
220,1,0.00400909090909
220,10,0.0400909090909
220,20,0.0801818181818
220,30,0.120272727273
220,40,0.160363636364
220,50,0.200454545455
210,1,0.0042
210,10,0.042
210,20,0.084
210,30,0.126
210,40,0.168
210,50,0.21
200,1,0.00441
200,10,0.0441
200,20,0.0882
200,30,0.1323
200,40,0.1764
200,50,0.2205
190,1,0.00464210526316
190,10,0.0464210526316
190,20,0.0928421052632
190,30,0.139263157895
190,40,0.185684210526
190,50,0.232105263158
180,1,0.0049
180,10,0.049
180,20,0.098
180,30,0.147
180,40,0.196
180,50,0.245
170,1,0.00518823529412
170,10,0.0518823529412
170,20,0.103764705882
170,30,0.155647058824
170,40,0.207529411765
170,50,0.259411764706
160,1,0.0055125
160,10,0.055125
160,20,0.11025
160,30,0.165375
160,40,0.2205
160,50,0.275625
150,1,0.00588
150,10,0.0588
150,20,0.1176
150,30,0.1764
150,40,0.2352
150,50,0.294
140,1,0.0063
140,10,0.063
140,20,0.126
140,30,0.189
140,40,0.252
140,50,0.315
130,1,0.00678461538462
130,10,0.0678461538462
130,20,0.135692307692
130,30,0.203538461538
130,40,0.271384615385
130,50,0.339230769231
120,1,0.00735
120,10,0.0735
120,20,0.147
120,30,0.2205
120,40,0.294
120,50,0.3675
110,1,0.00801818181818
110,10,0.0801818181818
110,20,0.160363636364
110,30,0.240545454545
110,40,0.320727272727
110,50,0.400909090909
100,1,0.00882
100,10,0.0882
100,20,0.1764
100,30,0.2646
100,40,0.3528
100,50,0.441
90,1,0.0098
90,10,0.098
90,20,0.196
90,30,0.294
90,40,0.392
90,50,0.49
80,1,0.011025
80,10,0.11025
80,20,0.2205
80,30,0.33075
80,40,0.441
80,50,0.55125
70,1,0.0126
70,10,0.126
70,20,0.252
70,30,0.378
70,40,0.504
70,50,0.63
60,1,0.0147
60,10,0.147
60,20,0.294
60,30,0.441
60,40,0.588
60,50,0.735
50,1,0.01764
50,10,0.1764
50,20,0.3528
50,30,0.5292
50,40,0.7056
50,50,0.882
40,1,0.02205
40,10,0.2205
40,20,0.441
40,30,0.6615
40,40,0.882
40,50,0.9028152
30,1,0.0294
30,10,0.294
30,20,0.588
30,30,0.882
30,40,0.908019
30,50,0.9236304
20,1,0.0441
20,10,0.441
20,20,0.882
20,30,0.916692
20,40,0.986076
20,50,0.9885321936
10,1,0.0882
10,10,0.882
10,20,0.986076
10,30,0.998356968
10,40,0.999806122224
10,50,0.999977122422
