600,1,0.0014495
600,10,0.014495
600,20,0.02899
600,30,0.043485
600,40,0.05798
600,50,0.072475
590,1,0.00147406779661
590,10,0.0147406779661
590,20,0.0294813559322
590,30,0.0442220338983
590,40,0.0589627118644
590,50,0.0737033898305
580,1,0.00149948275862
580,10,0.0149948275862
580,20,0.0299896551724
580,30,0.0449844827586
580,40,0.0599793103448
580,50,0.074974137931
570,1,0.00152578947368
570,10,0.0152578947368
570,20,0.0305157894737
570,30,0.0457736842105
570,40,0.0610315789474
570,50,0.0762894736842
560,1,0.00155303571429
560,10,0.0155303571429
560,20,0.0310607142857
560,30,0.0465910714286
560,40,0.0621214285714
560,50,0.0776517857143
550,1,0.00158127272727
550,10,0.0158127272727
550,20,0.0316254545455
550,30,0.0474381818182
550,40,0.0632509090909
550,50,0.0790636363636
540,1,0.00161055555556
540,10,0.0161055555556
540,20,0.0322111111111
540,30,0.0483166666667
540,40,0.0644222222222
540,50,0.0805277777778
530,1,0.00164094339623
530,10,0.0164094339623
530,20,0.0328188679245
530,30,0.0492283018868
530,40,0.0656377358491
530,50,0.0820471698113
520,1,0.0016725
520,10,0.016725
520,20,0.03345
520,30,0.050175
520,40,0.0669
520,50,0.083625
510,1,0.00170529411765
510,10,0.0170529411765
510,20,0.0341058823529
510,30,0.0511588235294
510,40,0.0682117647059
510,50,0.0852647058824
500,1,0.0017394
500,10,0.017394
500,20,0.034788
500,30,0.052182
500,40,0.069576
500,50,0.08697
490,1,0.00177489795918
490,10,0.0177489795918
490,20,0.0354979591837
490,30,0.0532469387755
490,40,0.0709959183673
490,50,0.0887448979592
480,1,0.001811875
480,10,0.01811875
480,20,0.0362375
480,30,0.05435625
480,40,0.072475
480,50,0.09059375
470,1,0.00185042553191
470,10,0.0185042553191
470,20,0.0370085106383
470,30,0.0555127659574
470,40,0.0740170212766
470,50,0.0925212765957
460,1,0.00189065217391
460,10,0.0189065217391
460,20,0.0378130434783
460,30,0.0567195652174
460,40,0.0756260869565
460,50,0.0945326086957
450,1,0.00193266666667
450,10,0.0193266666667
450,20,0.0386533333333
450,30,0.05798
450,40,0.0773066666667
450,50,0.0966333333333
440,1,0.00197659090909
440,10,0.0197659090909
440,20,0.0395318181818
440,30,0.0592977272727
440,40,0.0790636363636
440,50,0.0988295454545
430,1,0.00202255813953
430,10,0.0202255813953
430,20,0.0404511627907
430,30,0.060676744186
430,40,0.0809023255814
430,50,0.101127906977
420,1,0.00207071428571
420,10,0.0207071428571
420,20,0.0414142857143
420,30,0.0621214285714
420,40,0.0828285714286
420,50,0.103535714286
410,1,0.0021212195122
410,10,0.021212195122
410,20,0.0424243902439
410,30,0.0636365853659
410,40,0.0848487804878
410,50,0.10606097561
400,1,0.00217425
400,10,0.0217425
400,20,0.043485
400,30,0.0652275
400,40,0.08697
400,50,0.1087125
390,1,0.00223
390,10,0.0223
390,20,0.0446
390,30,0.0669
390,40,0.0892
390,50,0.1115
380,1,0.00228868421053
380,10,0.0228868421053
380,20,0.0457736842105
380,30,0.0686605263158
380,40,0.0915473684211
380,50,0.114434210526
370,1,0.00235054054054
370,10,0.0235054054054
370,20,0.0470108108108
370,30,0.0705162162162
370,40,0.0940216216216
370,50,0.117527027027
360,1,0.00241583333333
360,10,0.0241583333333
360,20,0.0483166666667
360,30,0.072475
360,40,0.0966333333333
360,50,0.120791666667
350,1,0.00248485714286
350,10,0.0248485714286
350,20,0.0496971428571
350,30,0.0745457142857
350,40,0.0993942857143
350,50,0.124242857143
340,1,0.00255794117647
340,10,0.0255794117647
340,20,0.0511588235294
340,30,0.0767382352941
340,40,0.102317647059
340,50,0.127897058824
330,1,0.00263545454545
330,10,0.0263545454545
330,20,0.0527090909091
330,30,0.0790636363636
330,40,0.105418181818
330,50,0.131772727273
320,1,0.0027178125
320,10,0.027178125
320,20,0.05435625
320,30,0.081534375
320,40,0.1087125
320,50,0.135890625
310,1,0.00280548387097
310,10,0.0280548387097
310,20,0.0561096774194
310,30,0.084164516129
310,40,0.112219354839
310,50,0.140274193548
300,1,0.002899
300,10,0.02899
300,20,0.05798
300,30,0.08697
300,40,0.11596
300,50,0.14495
290,1,0.00299896551724
290,10,0.0299896551724
290,20,0.0599793103448
290,30,0.0899689655172
290,40,0.11995862069
290,50,0.149948275862
280,1,0.00310607142857
280,10,0.0310607142857
280,20,0.0621214285714
280,30,0.0931821428571
280,40,0.124242857143
280,50,0.155303571429
270,1,0.00322111111111
270,10,0.0322111111111
270,20,0.0644222222222
270,30,0.0966333333333
270,40,0.128844444444
270,50,0.161055555556
260,1,0.003345
260,10,0.03345
260,20,0.0669
260,30,0.10035
260,40,0.1338
260,50,0.16725
250,1,0.0034788
250,10,0.034788
250,20,0.069576
250,30,0.104364
250,40,0.139152
250,50,0.17394
240,1,0.00362375
240,10,0.0362375
240,20,0.072475
240,30,0.1087125
240,40,0.14495
240,50,0.1811875
230,1,0.00378130434783
230,10,0.0378130434783
230,20,0.0756260869565
230,30,0.113439130435
230,40,0.151252173913
230,50,0.189065217391
220,1,0.00395318181818
220,10,0.0395318181818
220,20,0.0790636363636
220,30,0.118595454545
220,40,0.158127272727
220,50,0.197659090909
210,1,0.00414142857143
210,10,0.0414142857143
210,20,0.0828285714286
210,30,0.124242857143
210,40,0.165657142857
210,50,0.207071428571
200,1,0.0043485
200,10,0.043485
200,20,0.08697
200,30,0.130455
200,40,0.17394
200,50,0.217425
190,1,0.00457736842105
190,10,0.0457736842105
190,20,0.0915473684211
190,30,0.137321052632
190,40,0.183094736842
190,50,0.228868421053
180,1,0.00483166666667
180,10,0.0483166666667
180,20,0.0966333333333
180,30,0.14495
180,40,0.193266666667
180,50,0.241583333333
170,1,0.00511588235294
170,10,0.0511588235294
170,20,0.102317647059
170,30,0.153476470588
170,40,0.204635294118
170,50,0.255794117647
160,1,0.005435625
160,10,0.05435625
160,20,0.1087125
160,30,0.16306875
160,40,0.217425
160,50,0.27178125
150,1,0.005798
150,10,0.05798
150,20,0.11596
150,30,0.17394
150,40,0.23192
150,50,0.2899
140,1,0.00621214285714
140,10,0.0621214285714
140,20,0.124242857143
140,30,0.186364285714
140,40,0.248485714286
140,50,0.310607142857
130,1,0.00669
130,10,0.0669
130,20,0.1338
130,30,0.2007
130,40,0.2676
130,50,0.3345
120,1,0.0072475
120,10,0.072475
120,20,0.14495
120,30,0.217425
120,40,0.2899
120,50,0.362375
110,1,0.00790636363636
110,10,0.0790636363636
110,20,0.158127272727
110,30,0.237190909091
110,40,0.316254545455
110,50,0.395318181818
100,1,0.008697
100,10,0.08697
100,20,0.17394
100,30,0.26091
100,40,0.34788
100,50,0.43485
90,1,0.00966333333333
90,10,0.0966333333333
90,20,0.193266666667
90,30,0.2899
90,40,0.386533333333
90,50,0.483166666667
80,1,0.01087125
80,10,0.1087125
80,20,0.217425
80,30,0.3261375
80,40,0.43485
80,50,0.5435625
70,1,0.0124242857143
70,10,0.124242857143
70,20,0.248485714286
70,30,0.372728571429
70,40,0.496971428571
70,50,0.621214285714
60,1,0.014495
60,10,0.14495
60,20,0.2899
60,30,0.43485
60,40,0.5798
60,50,0.72475
50,1,0.017394
50,10,0.17394
50,20,0.34788
50,30,0.52182
50,40,0.69576
50,50,0.8697
40,1,0.0217425
40,10,0.217425
40,20,0.43485
40,30,0.652275
40,40,0.8697
40,50,0.892364382
30,1,0.02899
30,10,0.2899
30,20,0.5798
30,30,0.8697
30,40,0.8980304775
30,50,0.915028764
20,1,0.043485
20,10,0.43485
20,20,0.8697
20,30,0.90747397
20,40,0.98302191
20,50,0.985975078975
10,1,0.08697
10,10,0.8697
10,20,0.98302191
10,30,0.997787754873
10,40,0.99971174446
10,50,0.999962440303
