600,1,0.00144483333333
600,10,0.0144483333333
600,20,0.0288966666667
600,30,0.043345
600,40,0.0577933333333
600,50,0.0722416666667
590,1,0.0014693220339
590,10,0.014693220339
590,20,0.029386440678
590,30,0.0440796610169
590,40,0.0587728813559
590,50,0.0734661016949
580,1,0.00149465517241
580,10,0.0149465517241
580,20,0.0298931034483
580,30,0.0448396551724
580,40,0.0597862068966
580,50,0.0747327586207
570,1,0.00152087719298
570,10,0.0152087719298
570,20,0.0304175438596
570,30,0.0456263157895
570,40,0.0608350877193
570,50,0.0760438596491
560,1,0.00154803571429
560,10,0.0154803571429
560,20,0.0309607142857
560,30,0.0464410714286
560,40,0.0619214285714
560,50,0.0774017857143
550,1,0.00157618181818
550,10,0.0157618181818
550,20,0.0315236363636
550,30,0.0472854545455
550,40,0.0630472727273
550,50,0.0788090909091
540,1,0.00160537037037
540,10,0.0160537037037
540,20,0.0321074074074
540,30,0.0481611111111
540,40,0.0642148148148
540,50,0.0802685185185
530,1,0.00163566037736
530,10,0.0163566037736
530,20,0.0327132075472
530,30,0.0490698113208
530,40,0.0654264150943
530,50,0.0817830188679
520,1,0.00166711538462
520,10,0.0166711538462
520,20,0.0333423076923
520,30,0.0500134615385
520,40,0.0666846153846
520,50,0.0833557692308
510,1,0.00169980392157
510,10,0.0169980392157
510,20,0.0339960784314
510,30,0.0509941176471
510,40,0.0679921568627
510,50,0.0849901960784
500,1,0.0017338
500,10,0.017338
500,20,0.034676
500,30,0.052014
500,40,0.069352
500,50,0.08669
490,1,0.00176918367347
490,10,0.0176918367347
490,20,0.0353836734694
490,30,0.0530755102041
490,40,0.0707673469388
490,50,0.0884591836735
480,1,0.00180604166667
480,10,0.0180604166667
480,20,0.0361208333333
480,30,0.05418125
480,40,0.0722416666667
480,50,0.0903020833333
470,1,0.00184446808511
470,10,0.0184446808511
470,20,0.0368893617021
470,30,0.0553340425532
470,40,0.0737787234043
470,50,0.0922234042553
460,1,0.00188456521739
460,10,0.0188456521739
460,20,0.0376913043478
460,30,0.0565369565217
460,40,0.0753826086957
460,50,0.0942282608696
450,1,0.00192644444444
450,10,0.0192644444444
450,20,0.0385288888889
450,30,0.0577933333333
450,40,0.0770577777778
450,50,0.0963222222222
440,1,0.00197022727273
440,10,0.0197022727273
440,20,0.0394045454545
440,30,0.0591068181818
440,40,0.0788090909091
440,50,0.0985113636364
430,1,0.00201604651163
430,10,0.0201604651163
430,20,0.0403209302326
430,30,0.0604813953488
430,40,0.0806418604651
430,50,0.100802325581
420,1,0.00206404761905
420,10,0.0206404761905
420,20,0.041280952381
420,30,0.0619214285714
420,40,0.0825619047619
420,50,0.103202380952
410,1,0.0021143902439
410,10,0.021143902439
410,20,0.042287804878
410,30,0.0634317073171
410,40,0.0845756097561
410,50,0.105719512195
400,1,0.00216725
400,10,0.0216725
400,20,0.043345
400,30,0.0650175
400,40,0.08669
400,50,0.1083625
390,1,0.00222282051282
390,10,0.0222282051282
390,20,0.0444564102564
390,30,0.0666846153846
390,40,0.0889128205128
390,50,0.111141025641
380,1,0.00228131578947
380,10,0.0228131578947
380,20,0.0456263157895
380,30,0.0684394736842
380,40,0.0912526315789
380,50,0.114065789474
370,1,0.00234297297297
370,10,0.0234297297297
370,20,0.0468594594595
370,30,0.0702891891892
370,40,0.0937189189189
370,50,0.117148648649
360,1,0.00240805555556
360,10,0.0240805555556
360,20,0.0481611111111
360,30,0.0722416666667
360,40,0.0963222222222
360,50,0.120402777778
350,1,0.00247685714286
350,10,0.0247685714286
350,20,0.0495371428571
350,30,0.0743057142857
350,40,0.0990742857143
350,50,0.123842857143
340,1,0.00254970588235
340,10,0.0254970588235
340,20,0.0509941176471
340,30,0.0764911764706
340,40,0.101988235294
340,50,0.127485294118
330,1,0.00262696969697
330,10,0.0262696969697
330,20,0.0525393939394
330,30,0.0788090909091
330,40,0.105078787879
330,50,0.131348484848
320,1,0.0027090625
320,10,0.027090625
320,20,0.05418125
320,30,0.081271875
320,40,0.1083625
320,50,0.135453125
310,1,0.0027964516129
310,10,0.027964516129
310,20,0.0559290322581
310,30,0.0838935483871
310,40,0.111858064516
310,50,0.139822580645
300,1,0.00288966666667
300,10,0.0288966666667
300,20,0.0577933333333
300,30,0.08669
300,40,0.115586666667
300,50,0.144483333333
290,1,0.00298931034483
290,10,0.0298931034483
290,20,0.0597862068966
290,30,0.0896793103448
290,40,0.119572413793
290,50,0.149465517241
280,1,0.00309607142857
280,10,0.0309607142857
280,20,0.0619214285714
280,30,0.0928821428571
280,40,0.123842857143
280,50,0.154803571429
270,1,0.00321074074074
270,10,0.0321074074074
270,20,0.0642148148148
270,30,0.0963222222222
270,40,0.12842962963
270,50,0.160537037037
260,1,0.00333423076923
260,10,0.0333423076923
260,20,0.0666846153846
260,30,0.100026923077
260,40,0.133369230769
260,50,0.166711538462
250,1,0.0034676
250,10,0.034676
250,20,0.069352
250,30,0.104028
250,40,0.138704
250,50,0.17338
240,1,0.00361208333333
240,10,0.0361208333333
240,20,0.0722416666667
240,30,0.1083625
240,40,0.144483333333
240,50,0.180604166667
230,1,0.00376913043478
230,10,0.0376913043478
230,20,0.0753826086957
230,30,0.113073913043
230,40,0.150765217391
230,50,0.188456521739
220,1,0.00394045454545
220,10,0.0394045454545
220,20,0.0788090909091
220,30,0.118213636364
220,40,0.157618181818
220,50,0.197022727273
210,1,0.0041280952381
210,10,0.041280952381
210,20,0.0825619047619
210,30,0.123842857143
210,40,0.165123809524
210,50,0.206404761905
200,1,0.0043345
200,10,0.043345
200,20,0.08669
200,30,0.130035
200,40,0.17338
200,50,0.216725
190,1,0.00456263157895
190,10,0.0456263157895
190,20,0.0912526315789
190,30,0.136878947368
190,40,0.182505263158
190,50,0.228131578947
180,1,0.00481611111111
180,10,0.0481611111111
180,20,0.0963222222222
180,30,0.144483333333
180,40,0.192644444444
180,50,0.240805555556
170,1,0.00509941176471
170,10,0.0509941176471
170,20,0.101988235294
170,30,0.152982352941
170,40,0.203976470588
170,50,0.254970588235
160,1,0.005418125
160,10,0.05418125
160,20,0.1083625
160,30,0.16254375
160,40,0.216725
160,50,0.27090625
150,1,0.00577933333333
150,10,0.0577933333333
150,20,0.115586666667
150,30,0.17338
150,40,0.231173333333
150,50,0.288966666667
140,1,0.00619214285714
140,10,0.0619214285714
140,20,0.123842857143
140,30,0.185764285714
140,40,0.247685714286
140,50,0.309607142857
130,1,0.00666846153846
130,10,0.0666846153846
130,20,0.133369230769
130,30,0.200053846154
130,40,0.266738461538
130,50,0.333423076923
120,1,0.00722416666667
120,10,0.0722416666667
120,20,0.144483333333
120,30,0.216725
120,40,0.288966666667
120,50,0.361208333333
110,1,0.00788090909091
110,10,0.0788090909091
110,20,0.157618181818
110,30,0.236427272727
110,40,0.315236363636
110,50,0.394045454545
100,1,0.008669
100,10,0.08669
100,20,0.17338
100,30,0.26007
100,40,0.34676
100,50,0.43345
90,1,0.00963222222222
90,10,0.0963222222222
90,20,0.192644444444
90,30,0.288966666667
90,40,0.385288888889
90,50,0.481611111111
80,1,0.01083625
80,10,0.1083625
80,20,0.216725
80,30,0.3250875
80,40,0.43345
80,50,0.5418125
70,1,0.0123842857143
70,10,0.123842857143
70,20,0.247685714286
70,30,0.371528571429
70,40,0.495371428571
70,50,0.619214285714
60,1,0.0144483333333
60,10,0.144483333333
60,20,0.288966666667
60,30,0.43345
60,40,0.577933333333
60,50,0.722416666667
50,1,0.017338
50,10,0.17338
50,20,0.34676
50,30,0.52014
50,40,0.69352
50,50,0.8669
40,1,0.0216725
40,10,0.216725
40,20,0.43345
40,30,0.650175
40,40,0.8669
40,50,0.889976878
30,1,0.0288966666667
30,10,0.288966666667
30,20,0.577933333333
30,30,0.8669
30,40,0.8957460975
30,50,0.913053756
20,1,0.043345
20,10,0.43345
20,20,0.8669
20,30,0.905361463333
20,40,0.98228439
20,50,0.985355922462
10,1,0.08669
10,10,0.8669
10,20,0.98228439
10,30,0.997642052309
10,40,0.999686157162
10,50,0.999958227518
