600,1,0.00141283333333
600,10,0.0141283333333
600,20,0.0282566666667
600,30,0.042385
600,40,0.0565133333333
600,50,0.0706416666667
590,1,0.00143677966102
590,10,0.0143677966102
590,20,0.0287355932203
590,30,0.0431033898305
590,40,0.0574711864407
590,50,0.0718389830508
580,1,0.00146155172414
580,10,0.0146155172414
580,20,0.0292310344828
580,30,0.0438465517241
580,40,0.0584620689655
580,50,0.0730775862069
570,1,0.00148719298246
570,10,0.0148719298246
570,20,0.0297438596491
570,30,0.0446157894737
570,40,0.0594877192982
570,50,0.0743596491228
560,1,0.00151375
560,10,0.0151375
560,20,0.030275
560,30,0.0454125
560,40,0.06055
560,50,0.0756875
550,1,0.00154127272727
550,10,0.0154127272727
550,20,0.0308254545455
550,30,0.0462381818182
550,40,0.0616509090909
550,50,0.0770636363636
540,1,0.00156981481481
540,10,0.0156981481481
540,20,0.0313962962963
540,30,0.0470944444444
540,40,0.0627925925926
540,50,0.0784907407407
530,1,0.00159943396226
530,10,0.0159943396226
530,20,0.0319886792453
530,30,0.0479830188679
530,40,0.0639773584906
530,50,0.0799716981132
520,1,0.00163019230769
520,10,0.0163019230769
520,20,0.0326038461538
520,30,0.0489057692308
520,40,0.0652076923077
520,50,0.0815096153846
510,1,0.00166215686275
510,10,0.0166215686275
510,20,0.0332431372549
510,30,0.0498647058824
510,40,0.0664862745098
510,50,0.0831078431373
500,1,0.0016954
500,10,0.016954
500,20,0.033908
500,30,0.050862
500,40,0.067816
500,50,0.08477
490,1,0.00173
490,10,0.0173
490,20,0.0346
490,30,0.0519
490,40,0.0692
490,50,0.0865
480,1,0.00176604166667
480,10,0.0176604166667
480,20,0.0353208333333
480,30,0.05298125
480,40,0.0706416666667
480,50,0.0883020833333
470,1,0.00180361702128
470,10,0.0180361702128
470,20,0.0360723404255
470,30,0.0541085106383
470,40,0.0721446808511
470,50,0.0901808510638
460,1,0.00184282608696
460,10,0.0184282608696
460,20,0.0368565217391
460,30,0.0552847826087
460,40,0.0737130434783
460,50,0.0921413043478
450,1,0.00188377777778
450,10,0.0188377777778
450,20,0.0376755555556
450,30,0.0565133333333
450,40,0.0753511111111
450,50,0.0941888888889
440,1,0.00192659090909
440,10,0.0192659090909
440,20,0.0385318181818
440,30,0.0577977272727
440,40,0.0770636363636
440,50,0.0963295454545
430,1,0.00197139534884
430,10,0.0197139534884
430,20,0.0394279069767
430,30,0.0591418604651
430,40,0.0788558139535
430,50,0.0985697674419
420,1,0.00201833333333
420,10,0.0201833333333
420,20,0.0403666666667
420,30,0.06055
420,40,0.0807333333333
420,50,0.100916666667
410,1,0.00206756097561
410,10,0.0206756097561
410,20,0.0413512195122
410,30,0.0620268292683
410,40,0.0827024390244
410,50,0.10337804878
400,1,0.00211925
400,10,0.0211925
400,20,0.042385
400,30,0.0635775
400,40,0.08477
400,50,0.1059625
390,1,0.00217358974359
390,10,0.0217358974359
390,20,0.0434717948718
390,30,0.0652076923077
390,40,0.0869435897436
390,50,0.108679487179
380,1,0.00223078947368
380,10,0.0223078947368
380,20,0.0446157894737
380,30,0.0669236842105
380,40,0.0892315789474
380,50,0.111539473684
370,1,0.00229108108108
370,10,0.0229108108108
370,20,0.0458216216216
370,30,0.0687324324324
370,40,0.0916432432432
370,50,0.114554054054
360,1,0.00235472222222
360,10,0.0235472222222
360,20,0.0470944444444
360,30,0.0706416666667
360,40,0.0941888888889
360,50,0.117736111111
350,1,0.002422
350,10,0.02422
350,20,0.04844
350,30,0.07266
350,40,0.09688
350,50,0.1211
340,1,0.00249323529412
340,10,0.0249323529412
340,20,0.0498647058824
340,30,0.0747970588235
340,40,0.0997294117647
340,50,0.124661764706
330,1,0.00256878787879
330,10,0.0256878787879
330,20,0.0513757575758
330,30,0.0770636363636
330,40,0.102751515152
330,50,0.128439393939
320,1,0.0026490625
320,10,0.026490625
320,20,0.05298125
320,30,0.079471875
320,40,0.1059625
320,50,0.132453125
310,1,0.00273451612903
310,10,0.0273451612903
310,20,0.0546903225806
310,30,0.082035483871
310,40,0.109380645161
310,50,0.136725806452
300,1,0.00282566666667
300,10,0.0282566666667
300,20,0.0565133333333
300,30,0.08477
300,40,0.113026666667
300,50,0.141283333333
290,1,0.00292310344828
290,10,0.0292310344828
290,20,0.0584620689655
290,30,0.0876931034483
290,40,0.116924137931
290,50,0.146155172414
280,1,0.0030275
280,10,0.030275
280,20,0.06055
280,30,0.090825
280,40,0.1211
280,50,0.151375
270,1,0.00313962962963
270,10,0.0313962962963
270,20,0.0627925925926
270,30,0.0941888888889
270,40,0.125585185185
270,50,0.156981481481
260,1,0.00326038461538
260,10,0.0326038461538
260,20,0.0652076923077
260,30,0.0978115384615
260,40,0.130415384615
260,50,0.163019230769
250,1,0.0033908
250,10,0.033908
250,20,0.067816
250,30,0.101724
250,40,0.135632
250,50,0.16954
240,1,0.00353208333333
240,10,0.0353208333333
240,20,0.0706416666667
240,30,0.1059625
240,40,0.141283333333
240,50,0.176604166667
230,1,0.00368565217391
230,10,0.0368565217391
230,20,0.0737130434783
230,30,0.110569565217
230,40,0.147426086957
230,50,0.184282608696
220,1,0.00385318181818
220,10,0.0385318181818
220,20,0.0770636363636
220,30,0.115595454545
220,40,0.154127272727
220,50,0.192659090909
210,1,0.00403666666667
210,10,0.0403666666667
210,20,0.0807333333333
210,30,0.1211
210,40,0.161466666667
210,50,0.201833333333
200,1,0.0042385
200,10,0.042385
200,20,0.08477
200,30,0.127155
200,40,0.16954
200,50,0.211925
190,1,0.00446157894737
190,10,0.0446157894737
190,20,0.0892315789474
190,30,0.133847368421
190,40,0.178463157895
190,50,0.223078947368
180,1,0.00470944444444
180,10,0.0470944444444
180,20,0.0941888888889
180,30,0.141283333333
180,40,0.188377777778
180,50,0.235472222222
170,1,0.00498647058824
170,10,0.0498647058824
170,20,0.0997294117647
170,30,0.149594117647
170,40,0.199458823529
170,50,0.249323529412
160,1,0.005298125
160,10,0.05298125
160,20,0.1059625
160,30,0.15894375
160,40,0.211925
160,50,0.26490625
150,1,0.00565133333333
150,10,0.0565133333333
150,20,0.113026666667
150,30,0.16954
150,40,0.226053333333
150,50,0.282566666667
140,1,0.006055
140,10,0.06055
140,20,0.1211
140,30,0.18165
140,40,0.2422
140,50,0.30275
130,1,0.00652076923077
130,10,0.0652076923077
130,20,0.130415384615
130,30,0.195623076923
130,40,0.260830769231
130,50,0.326038461538
120,1,0.00706416666667
120,10,0.0706416666667
120,20,0.141283333333
120,30,0.211925
120,40,0.282566666667
120,50,0.353208333333
110,1,0.00770636363636
110,10,0.0770636363636
110,20,0.154127272727
110,30,0.231190909091
110,40,0.308254545455
110,50,0.385318181818
100,1,0.008477
100,10,0.08477
100,20,0.16954
100,30,0.25431
100,40,0.33908
100,50,0.42385
90,1,0.00941888888889
90,10,0.0941888888889
90,20,0.188377777778
90,30,0.282566666667
90,40,0.376755555556
90,50,0.470944444444
80,1,0.01059625
80,10,0.1059625
80,20,0.211925
80,30,0.3178875
80,40,0.42385
80,50,0.5298125
70,1,0.01211
70,10,0.1211
70,20,0.2422
70,30,0.3633
70,40,0.4844
70,50,0.6055
60,1,0.0141283333333
60,10,0.141283333333
60,20,0.282566666667
60,30,0.42385
60,40,0.565133333333
60,50,0.706416666667
50,1,0.016954
50,10,0.16954
50,20,0.33908
50,30,0.50862
50,40,0.67816
50,50,0.8477
40,1,0.0211925
40,10,0.211925
40,20,0.42385
40,30,0.635775
40,40,0.8477
40,50,0.873520942
30,1,0.0282566666667
30,10,0.282566666667
30,20,0.565133333333
30,30,0.8477
30,40,0.8799761775
30,50,0.899341884
20,1,0.042385
20,10,0.42385
20,20,0.8477
20,30,0.890734903333
20,40,0.97680471
20,50,0.980737239467
10,1,0.08477
10,10,0.8477
10,20,0.97680471
10,30,0.996467357333
10,40,0.999461978522
10,50,0.999918059329
