600,1,0.001214
600,10,0.01214
600,20,0.02428
600,30,0.03642
600,40,0.04856
600,50,0.0607
590,1,0.00123457627119
590,10,0.0123457627119
590,20,0.0246915254237
590,30,0.0370372881356
590,40,0.0493830508475
590,50,0.0617288135593
580,1,0.00125586206897
580,10,0.0125586206897
580,20,0.0251172413793
580,30,0.037675862069
580,40,0.0502344827586
580,50,0.0627931034483
570,1,0.00127789473684
570,10,0.0127789473684
570,20,0.0255578947368
570,30,0.0383368421053
570,40,0.0511157894737
570,50,0.0638947368421
560,1,0.00130071428571
560,10,0.0130071428571
560,20,0.0260142857143
560,30,0.0390214285714
560,40,0.0520285714286
560,50,0.0650357142857
550,1,0.00132436363636
550,10,0.0132436363636
550,20,0.0264872727273
550,30,0.0397309090909
550,40,0.0529745454545
550,50,0.0662181818182
540,1,0.00134888888889
540,10,0.0134888888889
540,20,0.0269777777778
540,30,0.0404666666667
540,40,0.0539555555556
540,50,0.0674444444444
530,1,0.00137433962264
530,10,0.0137433962264
530,20,0.0274867924528
530,30,0.0412301886792
530,40,0.0549735849057
530,50,0.0687169811321
520,1,0.00140076923077
520,10,0.0140076923077
520,20,0.0280153846154
520,30,0.0420230769231
520,40,0.0560307692308
520,50,0.0700384615385
510,1,0.00142823529412
510,10,0.0142823529412
510,20,0.0285647058824
510,30,0.0428470588235
510,40,0.0571294117647
510,50,0.0714117647059
500,1,0.0014568
500,10,0.014568
500,20,0.029136
500,30,0.043704
500,40,0.058272
500,50,0.07284
490,1,0.00148653061224
490,10,0.0148653061224
490,20,0.0297306122449
490,30,0.0445959183673
490,40,0.0594612244898
490,50,0.0743265306122
480,1,0.0015175
480,10,0.015175
480,20,0.03035
480,30,0.045525
480,40,0.0607
480,50,0.075875
470,1,0.00154978723404
470,10,0.0154978723404
470,20,0.0309957446809
470,30,0.0464936170213
470,40,0.0619914893617
470,50,0.0774893617021
460,1,0.00158347826087
460,10,0.0158347826087
460,20,0.0316695652174
460,30,0.0475043478261
460,40,0.0633391304348
460,50,0.0791739130435
450,1,0.00161866666667
450,10,0.0161866666667
450,20,0.0323733333333
450,30,0.04856
450,40,0.0647466666667
450,50,0.0809333333333
440,1,0.00165545454545
440,10,0.0165545454545
440,20,0.0331090909091
440,30,0.0496636363636
440,40,0.0662181818182
440,50,0.0827727272727
430,1,0.00169395348837
430,10,0.0169395348837
430,20,0.0338790697674
430,30,0.0508186046512
430,40,0.0677581395349
430,50,0.0846976744186
420,1,0.00173428571429
420,10,0.0173428571429
420,20,0.0346857142857
420,30,0.0520285714286
420,40,0.0693714285714
420,50,0.0867142857143
410,1,0.00177658536585
410,10,0.0177658536585
410,20,0.0355317073171
410,30,0.0532975609756
410,40,0.0710634146341
410,50,0.0888292682927
400,1,0.001821
400,10,0.01821
400,20,0.03642
400,30,0.05463
400,40,0.07284
400,50,0.09105
390,1,0.00186769230769
390,10,0.0186769230769
390,20,0.0373538461538
390,30,0.0560307692308
390,40,0.0747076923077
390,50,0.0933846153846
380,1,0.00191684210526
380,10,0.0191684210526
380,20,0.0383368421053
380,30,0.0575052631579
380,40,0.0766736842105
380,50,0.0958421052632
370,1,0.00196864864865
370,10,0.0196864864865
370,20,0.039372972973
370,30,0.0590594594595
370,40,0.0787459459459
370,50,0.0984324324324
360,1,0.00202333333333
360,10,0.0202333333333
360,20,0.0404666666667
360,30,0.0607
360,40,0.0809333333333
360,50,0.101166666667
350,1,0.00208114285714
350,10,0.0208114285714
350,20,0.0416228571429
350,30,0.0624342857143
350,40,0.0832457142857
350,50,0.104057142857
340,1,0.00214235294118
340,10,0.0214235294118
340,20,0.0428470588235
340,30,0.0642705882353
340,40,0.0856941176471
340,50,0.107117647059
330,1,0.00220727272727
330,10,0.0220727272727
330,20,0.0441454545455
330,30,0.0662181818182
330,40,0.0882909090909
330,50,0.110363636364
320,1,0.00227625
320,10,0.0227625
320,20,0.045525
320,30,0.0682875
320,40,0.09105
320,50,0.1138125
310,1,0.00234967741935
310,10,0.0234967741935
310,20,0.0469935483871
310,30,0.0704903225806
310,40,0.0939870967742
310,50,0.117483870968
300,1,0.002428
300,10,0.02428
300,20,0.04856
300,30,0.07284
300,40,0.09712
300,50,0.1214
290,1,0.00251172413793
290,10,0.0251172413793
290,20,0.0502344827586
290,30,0.0753517241379
290,40,0.100468965517
290,50,0.125586206897
280,1,0.00260142857143
280,10,0.0260142857143
280,20,0.0520285714286
280,30,0.0780428571429
280,40,0.104057142857
280,50,0.130071428571
270,1,0.00269777777778
270,10,0.0269777777778
270,20,0.0539555555556
270,30,0.0809333333333
270,40,0.107911111111
270,50,0.134888888889
260,1,0.00280153846154
260,10,0.0280153846154
260,20,0.0560307692308
260,30,0.0840461538462
260,40,0.112061538462
260,50,0.140076923077
250,1,0.0029136
250,10,0.029136
250,20,0.058272
250,30,0.087408
250,40,0.116544
250,50,0.14568
240,1,0.003035
240,10,0.03035
240,20,0.0607
240,30,0.09105
240,40,0.1214
240,50,0.15175
230,1,0.00316695652174
230,10,0.0316695652174
230,20,0.0633391304348
230,30,0.0950086956522
230,40,0.12667826087
230,50,0.158347826087
220,1,0.00331090909091
220,10,0.0331090909091
220,20,0.0662181818182
220,30,0.0993272727273
220,40,0.132436363636
220,50,0.165545454545
210,1,0.00346857142857
210,10,0.0346857142857
210,20,0.0693714285714
210,30,0.104057142857
210,40,0.138742857143
210,50,0.173428571429
200,1,0.003642
200,10,0.03642
200,20,0.07284
200,30,0.10926
200,40,0.14568
200,50,0.1821
190,1,0.00383368421053
190,10,0.0383368421053
190,20,0.0766736842105
190,30,0.115010526316
190,40,0.153347368421
190,50,0.191684210526
180,1,0.00404666666667
180,10,0.0404666666667
180,20,0.0809333333333
180,30,0.1214
180,40,0.161866666667
180,50,0.202333333333
170,1,0.00428470588235
170,10,0.0428470588235
170,20,0.0856941176471
170,30,0.128541176471
170,40,0.171388235294
170,50,0.214235294118
160,1,0.0045525
160,10,0.045525
160,20,0.09105
160,30,0.136575
160,40,0.1821
160,50,0.227625
150,1,0.004856
150,10,0.04856
150,20,0.09712
150,30,0.14568
150,40,0.19424
150,50,0.2428
140,1,0.00520285714286
140,10,0.0520285714286
140,20,0.104057142857
140,30,0.156085714286
140,40,0.208114285714
140,50,0.260142857143
130,1,0.00560307692308
130,10,0.0560307692308
130,20,0.112061538462
130,30,0.168092307692
130,40,0.224123076923
130,50,0.280153846154
120,1,0.00607
120,10,0.0607
120,20,0.1214
120,30,0.1821
120,40,0.2428
120,50,0.3035
110,1,0.00662181818182
110,10,0.0662181818182
110,20,0.132436363636
110,30,0.198654545455
110,40,0.264872727273
110,50,0.331090909091
100,1,0.007284
100,10,0.07284
100,20,0.14568
100,30,0.21852
100,40,0.29136
100,50,0.3642
90,1,0.00809333333333
90,10,0.0809333333333
90,20,0.161866666667
90,30,0.2428
90,40,0.323733333333
90,50,0.404666666667
80,1,0.009105
80,10,0.09105
80,20,0.1821
80,30,0.27315
80,40,0.3642
80,50,0.45525
70,1,0.0104057142857
70,10,0.104057142857
70,20,0.208114285714
70,30,0.312171428571
70,40,0.416228571429
70,50,0.520285714286
60,1,0.01214
60,10,0.1214
60,20,0.2428
60,30,0.3642
60,40,0.4856
60,50,0.607
50,1,0.014568
50,10,0.14568
50,20,0.29136
50,30,0.43704
50,40,0.58272
50,50,0.7284
40,1,0.01821
40,10,0.1821
40,20,0.3642
40,30,0.5463
40,40,0.7284
40,50,0.767966688
30,1,0.02428
30,10,0.2428
30,20,0.4856
30,30,0.7284
30,40,0.77785836
30,50,0.807533376
20,1,0.03642
20,10,0.3642
20,20,0.7284
20,30,0.79434448
20,40,0.92623344
20,50,0.936979752461
10,1,0.07284
10,10,0.7284
10,20,0.92623344
10,30,0.979965002304
10,40,0.994558494626
10,50,0.99852208714
