600,1,0.00146783333333
600,10,0.0146783333333
600,20,0.0293566666667
600,30,0.044035
600,40,0.0587133333333
600,50,0.0733916666667
590,1,0.00149271186441
590,10,0.0149271186441
590,20,0.0298542372881
590,30,0.0447813559322
590,40,0.0597084745763
590,50,0.0746355932203
580,1,0.00151844827586
580,10,0.0151844827586
580,20,0.0303689655172
580,30,0.0455534482759
580,40,0.0607379310345
580,50,0.0759224137931
570,1,0.0015450877193
570,10,0.015450877193
570,20,0.030901754386
570,30,0.0463526315789
570,40,0.0618035087719
570,50,0.0772543859649
560,1,0.00157267857143
560,10,0.0157267857143
560,20,0.0314535714286
560,30,0.0471803571429
560,40,0.0629071428571
560,50,0.0786339285714
550,1,0.00160127272727
550,10,0.0160127272727
550,20,0.0320254545455
550,30,0.0480381818182
550,40,0.0640509090909
550,50,0.0800636363636
540,1,0.00163092592593
540,10,0.0163092592593
540,20,0.0326185185185
540,30,0.0489277777778
540,40,0.065237037037
540,50,0.0815462962963
530,1,0.00166169811321
530,10,0.0166169811321
530,20,0.0332339622642
530,30,0.0498509433962
530,40,0.0664679245283
530,50,0.0830849056604
520,1,0.00169365384615
520,10,0.0169365384615
520,20,0.0338730769231
520,30,0.0508096153846
520,40,0.0677461538462
520,50,0.0846826923077
510,1,0.0017268627451
510,10,0.017268627451
510,20,0.034537254902
510,30,0.0518058823529
510,40,0.0690745098039
510,50,0.0863431372549
500,1,0.0017614
500,10,0.017614
500,20,0.035228
500,30,0.052842
500,40,0.070456
500,50,0.08807
490,1,0.00179734693878
490,10,0.0179734693878
490,20,0.0359469387755
490,30,0.0539204081633
490,40,0.071893877551
490,50,0.0898673469388
480,1,0.00183479166667
480,10,0.0183479166667
480,20,0.0366958333333
480,30,0.05504375
480,40,0.0733916666667
480,50,0.0917395833333
470,1,0.00187382978723
470,10,0.0187382978723
470,20,0.0374765957447
470,30,0.056214893617
470,40,0.0749531914894
470,50,0.0936914893617
460,1,0.00191456521739
460,10,0.0191456521739
460,20,0.0382913043478
460,30,0.0574369565217
460,40,0.0765826086957
460,50,0.0957282608696
450,1,0.00195711111111
450,10,0.0195711111111
450,20,0.0391422222222
450,30,0.0587133333333
450,40,0.0782844444444
450,50,0.0978555555556
440,1,0.00200159090909
440,10,0.0200159090909
440,20,0.0400318181818
440,30,0.0600477272727
440,40,0.0800636363636
440,50,0.100079545455
430,1,0.00204813953488
430,10,0.0204813953488
430,20,0.0409627906977
430,30,0.0614441860465
430,40,0.0819255813953
430,50,0.102406976744
420,1,0.0020969047619
420,10,0.020969047619
420,20,0.0419380952381
420,30,0.0629071428571
420,40,0.0838761904762
420,50,0.104845238095
410,1,0.00214804878049
410,10,0.0214804878049
410,20,0.0429609756098
410,30,0.0644414634146
410,40,0.0859219512195
410,50,0.107402439024
400,1,0.00220175
400,10,0.0220175
400,20,0.044035
400,30,0.0660525
400,40,0.08807
400,50,0.1100875
390,1,0.00225820512821
390,10,0.0225820512821
390,20,0.0451641025641
390,30,0.0677461538462
390,40,0.0903282051282
390,50,0.11291025641
380,1,0.00231763157895
380,10,0.0231763157895
380,20,0.0463526315789
380,30,0.0695289473684
380,40,0.0927052631579
380,50,0.115881578947
370,1,0.00238027027027
370,10,0.0238027027027
370,20,0.0476054054054
370,30,0.0714081081081
370,40,0.0952108108108
370,50,0.119013513514
360,1,0.00244638888889
360,10,0.0244638888889
360,20,0.0489277777778
360,30,0.0733916666667
360,40,0.0978555555556
360,50,0.122319444444
350,1,0.00251628571429
350,10,0.0251628571429
350,20,0.0503257142857
350,30,0.0754885714286
350,40,0.100651428571
350,50,0.125814285714
340,1,0.00259029411765
340,10,0.0259029411765
340,20,0.0518058823529
340,30,0.0777088235294
340,40,0.103611764706
340,50,0.129514705882
330,1,0.00266878787879
330,10,0.0266878787879
330,20,0.0533757575758
330,30,0.0800636363636
330,40,0.106751515152
330,50,0.133439393939
320,1,0.0027521875
320,10,0.027521875
320,20,0.05504375
320,30,0.082565625
320,40,0.1100875
320,50,0.137609375
310,1,0.00284096774194
310,10,0.0284096774194
310,20,0.0568193548387
310,30,0.0852290322581
310,40,0.113638709677
310,50,0.142048387097
300,1,0.00293566666667
300,10,0.0293566666667
300,20,0.0587133333333
300,30,0.08807
300,40,0.117426666667
300,50,0.146783333333
290,1,0.00303689655172
290,10,0.0303689655172
290,20,0.0607379310345
290,30,0.0911068965517
290,40,0.121475862069
290,50,0.151844827586
280,1,0.00314535714286
280,10,0.0314535714286
280,20,0.0629071428571
280,30,0.0943607142857
280,40,0.125814285714
280,50,0.157267857143
270,1,0.00326185185185
270,10,0.0326185185185
270,20,0.065237037037
270,30,0.0978555555556
270,40,0.130474074074
270,50,0.163092592593
260,1,0.00338730769231
260,10,0.0338730769231
260,20,0.0677461538462
260,30,0.101619230769
260,40,0.135492307692
260,50,0.169365384615
250,1,0.0035228
250,10,0.035228
250,20,0.070456
250,30,0.105684
250,40,0.140912
250,50,0.17614
240,1,0.00366958333333
240,10,0.0366958333333
240,20,0.0733916666667
240,30,0.1100875
240,40,0.146783333333
240,50,0.183479166667
230,1,0.00382913043478
230,10,0.0382913043478
230,20,0.0765826086957
230,30,0.114873913043
230,40,0.153165217391
230,50,0.191456521739
220,1,0.00400318181818
220,10,0.0400318181818
220,20,0.0800636363636
220,30,0.120095454545
220,40,0.160127272727
220,50,0.200159090909
210,1,0.00419380952381
210,10,0.0419380952381
210,20,0.0838761904762
210,30,0.125814285714
210,40,0.167752380952
210,50,0.20969047619
200,1,0.0044035
200,10,0.044035
200,20,0.08807
200,30,0.132105
200,40,0.17614
200,50,0.220175
190,1,0.00463526315789
190,10,0.0463526315789
190,20,0.0927052631579
190,30,0.139057894737
190,40,0.185410526316
190,50,0.231763157895
180,1,0.00489277777778
180,10,0.0489277777778
180,20,0.0978555555556
180,30,0.146783333333
180,40,0.195711111111
180,50,0.244638888889
170,1,0.00518058823529
170,10,0.0518058823529
170,20,0.103611764706
170,30,0.155417647059
170,40,0.207223529412
170,50,0.259029411765
160,1,0.005504375
160,10,0.05504375
160,20,0.1100875
160,30,0.16513125
160,40,0.220175
160,50,0.27521875
150,1,0.00587133333333
150,10,0.0587133333333
150,20,0.117426666667
150,30,0.17614
150,40,0.234853333333
150,50,0.293566666667
140,1,0.00629071428571
140,10,0.0629071428571
140,20,0.125814285714
140,30,0.188721428571
140,40,0.251628571429
140,50,0.314535714286
130,1,0.00677461538462
130,10,0.0677461538462
130,20,0.135492307692
130,30,0.203238461538
130,40,0.270984615385
130,50,0.338730769231
120,1,0.00733916666667
120,10,0.0733916666667
120,20,0.146783333333
120,30,0.220175
120,40,0.293566666667
120,50,0.366958333333
110,1,0.00800636363636
110,10,0.0800636363636
110,20,0.160127272727
110,30,0.240190909091
110,40,0.320254545455
110,50,0.400318181818
100,1,0.008807
100,10,0.08807
100,20,0.17614
100,30,0.26421
100,40,0.35228
100,50,0.44035
90,1,0.00978555555556
90,10,0.0978555555556
90,20,0.195711111111
90,30,0.293566666667
90,40,0.391422222222
90,50,0.489277777778
80,1,0.01100875
80,10,0.1100875
80,20,0.220175
80,30,0.3302625
80,40,0.44035
80,50,0.5504375
70,1,0.0125814285714
70,10,0.125814285714
70,20,0.251628571429
70,30,0.377442857143
70,40,0.503257142857
70,50,0.629071428571
60,1,0.0146783333333
60,10,0.146783333333
60,20,0.293566666667
60,30,0.44035
60,40,0.587133333333
60,50,0.733916666667
50,1,0.017614
50,10,0.17614
50,20,0.35228
50,30,0.52842
50,40,0.70456
50,50,0.8807
40,1,0.0220175
40,10,0.220175
40,20,0.44035
40,30,0.660525
40,40,0.8807
40,50,0.901713502
30,1,0.0293566666667
30,10,0.293566666667
30,20,0.587133333333
30,30,0.8807
30,40,0.9069668775
30,50,0.922727004
20,1,0.044035
20,10,0.44035
20,20,0.8807
20,30,0.915722503333
20,40,0.98576751
20,50,0.988274420789
10,1,0.08807
10,10,0.8807
10,20,0.98576751
10,30,0.998302063943
10,40,0.999797436228
10,50,0.999975834142
